# Converted from gridded data
   l    m 	C	Standard_Deviation
   0    0   0.08852602   0.00000000
   1   -1  -0.01233705   0.00000000
   1    0   0.02044812   0.00000000
   1    1   0.05914319   0.00000000
   2   -2   0.09957384   0.00000000
   2   -1  -0.03739854   0.00000000
   2    0  -0.05082834   0.00000000
   2    1   0.02487709   0.00000000
   2    2   0.08894909   0.00000000
   3   -3   0.03709335   0.00000000
   3   -2  -0.07845225   0.00000000
   3   -1  -0.03234025   0.00000000
   3    0   0.03469945   0.00000000
   3    1   0.02452140   0.00000000
   3    2  -0.00241098   0.00000000
   3    3  -0.01606443   0.00000000
   4   -4   0.02201343   0.00000000
   4   -3  -0.00498274   0.00000000
   4   -2  -0.02928364   0.00000000
   4   -1  -0.02521413   0.00000000
   4    0  -0.00586711   0.00000000
   4    1   0.02725666   0.00000000
   4    2  -0.00648478   0.00000000
   4    3   0.06440032   0.00000000
   4    4   0.02857251   0.00000000
   5   -5  -0.01717188   0.00000000
   5   -4  -0.01724133   0.00000000
   5   -3  -0.03053752   0.00000000
   5   -2  -0.06956140   0.00000000
   5   -1  -0.00275056   0.00000000
   5    0  -0.02110575   0.00000000
   5    1  -0.00682687   0.00000000
   5    2   0.00636559   0.00000000
   5    3   0.08779537   0.00000000
   5    4   0.00996336   0.00000000
   5    5  -0.04194251   0.00000000
   6   -6  -0.04839021   0.00000000
   6   -5  -0.00964923   0.00000000
   6   -4  -0.01902962   0.00000000
   6   -3  -0.03316089   0.00000000
   6   -2  -0.03196612   0.00000000
   6   -1   0.02265528   0.00000000
   6    0  -0.00509398   0.00000000
   6    1   0.06821180   0.00000000
   6    2   0.03849195   0.00000000
   6    3   0.04252737   0.00000000
   6    4   0.01698970   0.00000000
   6    5  -0.05124170   0.00000000
   6    6  -0.06117477   0.00000000
   7   -7   0.02240067   0.00000000
   7   -6  -0.00256801   0.00000000
   7   -5  -0.00644507   0.00000000
   7   -4   0.01278198   0.00000000
   7   -3  -0.01719833   0.00000000
   7   -2  -0.01095072   0.00000000
   7   -1  -0.02930503   0.00000000
   7    0  -0.02142912   0.00000000
   7    1   0.02215608   0.00000000
   7    2   0.00033631   0.00000000
   7    3  -0.00881100   0.00000000
   7    4  -0.05789649   0.00000000
   7    5  -0.03338761   0.00000000
   7    6   0.01768676   0.00000000
   7    7   0.00137869   0.00000000
   8   -8   0.01011027   0.00000000
   8   -7  -0.01818914   0.00000000
   8   -6  -0.00873033   0.00000000
   8   -5   0.02268531   0.00000000
   8   -4  -0.02373920   0.00000000
   8   -3   0.00323765   0.00000000
   8   -2  -0.00576602   0.00000000
   8   -1   0.01223584   0.00000000
   8    0  -0.03548132   0.00000000
   8    1   0.01606983   0.00000000
   8    2   0.02609107   0.00000000
   8    3   0.00494300   0.00000000
   8    4  -0.00105270   0.00000000
   8    5  -0.03779669   0.00000000
   8    6   0.01529148   0.00000000
   8    7   0.01776680   0.00000000
   8    8  -0.02718787   0.00000000
   9   -9  -0.01906880   0.00000000
   9   -8  -0.00152512   0.00000000
   9   -7  -0.01993524   0.00000000
   9   -6   0.02721795   0.00000000
   9   -5   0.01477133   0.00000000
   9   -4   0.01045226   0.00000000
   9   -3  -0.02639710   0.00000000
   9   -2   0.00323731   0.00000000
   9   -1   0.00549629   0.00000000
   9    0  -0.00368612   0.00000000
   9    1  -0.00695635   0.00000000
   9    2   0.02536960   0.00000000
   9    3  -0.04070713   0.00000000
   9    4  -0.00908351   0.00000000
   9    5   0.01317537   0.00000000
   9    6   0.04100160   0.00000000
   9    7   0.01997596   0.00000000
   9    8  -0.01632365   0.00000000
   9    9   0.02826762   0.00000000
  10  -10  -0.01148709   0.00000000
  10   -9   0.00613767   0.00000000
  10   -8   0.02202437   0.00000000
  10   -7   0.00845810   0.00000000
  10   -6  -0.01550181   0.00000000
  10   -5   0.00173981   0.00000000
  10   -4  -0.00637867   0.00000000
  10   -3  -0.02401015   0.00000000
  10   -2  -0.01783299   0.00000000
  10   -1  -0.00018053   0.00000000
  10    0   0.01254948   0.00000000
  10    1   0.00165171   0.00000000
  10    2   0.01962916   0.00000000
  10    3  -0.01240982   0.00000000
  10    4  -0.01665609   0.00000000
  10    5  -0.01639608   0.00000000
  10    6  -0.01296878   0.00000000
  10    7   0.00581142   0.00000000
  10    8  -0.01665277   0.00000000
  10    9   0.01872927   0.00000000
  10   10   0.03417659   0.00000000
  11  -11   0.01597104   0.00000000
  11  -10   0.02469611   0.00000000
  11   -9   0.02642007   0.00000000
  11   -8   0.01404212   0.00000000
  11   -7  -0.01064272   0.00000000
  11   -6  -0.01219834   0.00000000
  11   -5  -0.00221366   0.00000000
  11   -4  -0.00141749   0.00000000
  11   -3  -0.00645992   0.00000000
  11   -2  -0.03401069   0.00000000
  11   -1   0.02211579   0.00000000
  11    0  -0.02555903   0.00000000
  11    1  -0.00289501   0.00000000
  11    2  -0.00669782   0.00000000
  11    3   0.01085802   0.00000000
  11    4  -0.01588075   0.00000000
  11    5   0.04744327   0.00000000
  11    6  -0.03850904   0.00000000
  11    7   0.01391791   0.00000000
  11    8  -0.00709523   0.00000000
  11    9   0.01218481   0.00000000
  11   10   0.02347334   0.00000000
  11   11  -0.00410482   0.00000000
  12  -12  -0.01052564   0.00000000
  12  -11   0.03008506   0.00000000
  12  -10   0.00172839   0.00000000
  12   -9   0.00288735   0.00000000
  12   -8   0.01818165   0.00000000
  12   -7   0.00742083   0.00000000
  12   -6  -0.01151312   0.00000000
  12   -5  -0.03202796   0.00000000
  12   -4  -0.01387304   0.00000000
  12   -3   0.01958311   0.00000000
  12   -2   0.01911988   0.00000000
  12   -1   0.00348498   0.00000000
  12    0  -0.00319479   0.00000000
  12    1  -0.00026833   0.00000000
  12    2   0.00709439   0.00000000
  12    3   0.00703049   0.00000000
  12    4   0.00951694   0.00000000
  12    5   0.02734758   0.00000000
  12    6   0.01146899   0.00000000
  12    7  -0.01401334   0.00000000
  12    8  -0.01897704   0.00000000
  12    9  -0.02626860   0.00000000
  12   10   0.02029865   0.00000000
  12   11   0.00364409   0.00000000
  12   12  -0.01750492   0.00000000
  13  -13   0.00883884   0.00000000
  13  -12   0.03227302   0.00000000
  13  -11  -0.01168534   0.00000000
  13  -10  -0.02642045   0.00000000
  13   -9   0.00309194   0.00000000
  13   -8   0.01515113   0.00000000
  13   -7  -0.01275786   0.00000000
  13   -6  -0.00715267   0.00000000
  13   -5   0.01062930   0.00000000
  13   -4   0.01480800   0.00000000
  13   -3   0.01498170   0.00000000
  13   -2  -0.01234111   0.00000000
  13   -1  -0.00205614   0.00000000
  13    0   0.00712737   0.00000000
  13    1  -0.01124990   0.00000000
  13    2  -0.00184175   0.00000000
  13    3   0.00151396   0.00000000
  13    4  -0.02048452   0.00000000
  13    5   0.02748503   0.00000000
  13    6   0.00839558   0.00000000
  13    7   0.01114187   0.00000000
  13    8  -0.00522977   0.00000000
  13    9  -0.00192350   0.00000000
  13   10   0.01457234   0.00000000
  13   11  -0.00581931   0.00000000
  13   12  -0.02647719   0.00000000
  13   13   0.00795858   0.00000000
  14  -14   0.00273368   0.00000000
  14  -13   0.00326544   0.00000000
  14  -12   0.00623447   0.00000000
  14  -11  -0.02580078   0.00000000
  14  -10  -0.01477964   0.00000000
  14   -9   0.01553208   0.00000000
  14   -8   0.02821129   0.00000000
  14   -7   0.00479247   0.00000000
  14   -6   0.00616369   0.00000000
  14   -5  -0.00829432   0.00000000
  14   -4  -0.01030272   0.00000000
  14   -3   0.01064857   0.00000000
  14   -2  -0.00617897   0.00000000
  14   -1   0.00369449   0.00000000
  14    0  -0.00341348   0.00000000
  14    1  -0.01894407   0.00000000
  14    2   0.00350286   0.00000000
  14    3   0.02941285   0.00000000
  14    4   0.02217601   0.00000000
  14    5  -0.00023380   0.00000000
  14    6  -0.01336089   0.00000000
  14    7  -0.00024546   0.00000000
  14    8  -0.00039550   0.00000000
  14    9  -0.01076354   0.00000000
  14   10   0.02556334   0.00000000
  14   11   0.01573976   0.00000000
  14   12  -0.01739606   0.00000000
  14   13  -0.00419610   0.00000000
  14   14  -0.01783455   0.00000000
  15  -15  -0.00697844   0.00000000
  15  -14  -0.00064712   0.00000000
  15  -13   0.00385950   0.00000000
  15  -12   0.01237745   0.00000000
  15  -11  -0.01259833   0.00000000
  15  -10  -0.02928961   0.00000000
  15   -9   0.01879273   0.00000000
  15   -8   0.02316137   0.00000000
  15   -7   0.01670497   0.00000000
  15   -6  -0.01207367   0.00000000
  15   -5  -0.01146887   0.00000000
  15   -4   0.01051715   0.00000000
  15   -3   0.02001101   0.00000000
  15   -2  -0.01932097   0.00000000
  15   -1  -0.01367676   0.00000000
  15    0   0.01882167   0.00000000
  15    1   0.00376872   0.00000000
  15    2   0.01304820   0.00000000
  15    3   0.00782391   0.00000000
  15    4  -0.00008197   0.00000000
  15    5  -0.00797886   0.00000000
  15    6  -0.00135418   0.00000000
  15    7  -0.00409439   0.00000000
  15    8   0.00029125   0.00000000
  15    9  -0.01301082   0.00000000
  15   10   0.00092821   0.00000000
  15   11   0.01309382   0.00000000
  15   12   0.00673912   0.00000000
  15   13  -0.01602519   0.00000000
  15   14   0.01962405   0.00000000
  15   15  -0.01705119   0.00000000
  16  -16  -0.00209472   0.00000000
  16  -15   0.00313444   0.00000000
  16  -14  -0.01757383   0.00000000
  16  -13   0.00260758   0.00000000
  16  -12   0.01374018   0.00000000
  16  -11   0.00201702   0.00000000
  16  -10  -0.01019287   0.00000000
  16   -9  -0.01271257   0.00000000
  16   -8  -0.00086466   0.00000000
  16   -7  -0.01827121   0.00000000
  16   -6  -0.01612209   0.00000000
  16   -5  -0.02205710   0.00000000
  16   -4   0.00945524   0.00000000
  16   -3   0.00615330   0.00000000
  16   -2  -0.01821750   0.00000000
  16   -1  -0.01062699   0.00000000
  16    0   0.00151007   0.00000000
  16    1   0.01468469   0.00000000
  16    2  -0.00010814   0.00000000
  16    3  -0.00301020   0.00000000
  16    4   0.02103602   0.00000000
  16    5  -0.01038243   0.00000000
  16    6  -0.00544794   0.00000000
  16    7  -0.01880901   0.00000000
  16    8  -0.01010662   0.00000000
  16    9  -0.00105266   0.00000000
  16   10  -0.00905921   0.00000000
  16   11   0.02301068   0.00000000
  16   12   0.02246385   0.00000000
  16   13   0.00102310   0.00000000
  16   14   0.00203677   0.00000000
  16   15   0.00184743   0.00000000
  16   16  -0.00764039   0.00000000
  17  -17   0.00538111   0.00000000
  17  -16  -0.01543455   0.00000000
  17  -15  -0.01426646   0.00000000
  17  -14  -0.01610372   0.00000000
  17  -13   0.00614325   0.00000000
  17  -12   0.02437352   0.00000000
  17  -11   0.00516125   0.00000000
  17  -10  -0.01232507   0.00000000
  17   -9  -0.01790983   0.00000000
  17   -8  -0.01524366   0.00000000
  17   -7  -0.01430805   0.00000000
  17   -6  -0.01665244   0.00000000
  17   -5  -0.00420007   0.00000000
  17   -4   0.01484138   0.00000000
  17   -3  -0.00278608   0.00000000
  17   -2  -0.00100580   0.00000000
  17   -1  -0.01217194   0.00000000
  17    0   0.01009318   0.00000000
  17    1  -0.00546052   0.00000000
  17    2  -0.01180465   0.00000000
  17    3   0.01299749   0.00000000
  17    4  -0.00039100   0.00000000
  17    5   0.00861047   0.00000000
  17    6  -0.02299832   0.00000000
  17    7  -0.00323949   0.00000000
  17    8  -0.00323335   0.00000000
  17    9   0.00442387   0.00000000
  17   10  -0.01828704   0.00000000
  17   11   0.00303939   0.00000000
  17   12   0.02425987   0.00000000
  17   13   0.01261612   0.00000000
  17   14   0.00080815   0.00000000
  17   15   0.00808075   0.00000000
  17   16  -0.00122484   0.00000000
  17   17  -0.01767630   0.00000000
  18  -18  -0.00207311   0.00000000
  18  -17  -0.00884722   0.00000000
  18  -16  -0.00566374   0.00000000
  18  -15  -0.00334914   0.00000000
  18  -14  -0.00401809   0.00000000
  18  -13   0.00167158   0.00000000
  18  -12   0.01766993   0.00000000
  18  -11  -0.01115343   0.00000000
  18  -10  -0.00581495   0.00000000
  18   -9  -0.00870846   0.00000000
  18   -8  -0.00191397   0.00000000
  18   -7  -0.00488440   0.00000000
  18   -6  -0.01348119   0.00000000
  18   -5  -0.00999836   0.00000000
  18   -4   0.00040482   0.00000000
  18   -3   0.01534483   0.00000000
  18   -2  -0.01016982   0.00000000
  18   -1  -0.00434240   0.00000000
  18    0   0.00781469   0.00000000
  18    1   0.00123348   0.00000000
  18    2  -0.00091208   0.00000000
  18    3  -0.00650945   0.00000000
  18    4   0.01470865   0.00000000
  18    5   0.01132554   0.00000000
  18    6  -0.00349406   0.00000000
  18    7  -0.01621181   0.00000000
  18    8   0.02026498   0.00000000
  18    9   0.00356792   0.00000000
  18   10   0.01645272   0.00000000
  18   11   0.00078278   0.00000000
  18   12   0.00144599   0.00000000
  18   13  -0.01401762   0.00000000
  18   14  -0.00392204   0.00000000
  18   15  -0.01586171   0.00000000
  18   16  -0.00450489   0.00000000
  18   17   0.02169459   0.00000000
  18   18  -0.00106300   0.00000000
  19  -19  -0.00008563   0.00000000
  19  -18  -0.00213698   0.00000000
  19  -17  -0.01047553   0.00000000
  19  -16   0.00171794   0.00000000
  19  -15   0.01239786   0.00000000
  19  -14  -0.00555036   0.00000000
  19  -13  -0.00564363   0.00000000
  19  -12   0.01498454   0.00000000
  19  -11   0.01025452   0.00000000
  19  -10   0.01550685   0.00000000
  19   -9  -0.00509303   0.00000000
  19   -8  -0.00620650   0.00000000
  19   -7  -0.00327157   0.00000000
  19   -6   0.01553470   0.00000000
  19   -5   0.00116399   0.00000000
  19   -4   0.01667885   0.00000000
  19   -3  -0.00786160   0.00000000
  19   -2  -0.00745942   0.00000000
  19   -1   0.01151571   0.00000000
  19    0  -0.01363841   0.00000000
  19    1   0.00422565   0.00000000
  19    2   0.00193097   0.00000000
  19    3  -0.01251714   0.00000000
  19    4   0.00450402   0.00000000
  19    5   0.00647783   0.00000000
  19    6  -0.00138497   0.00000000
  19    7   0.00331323   0.00000000
  19    8   0.01407571   0.00000000
  19    9   0.00447591   0.00000000
  19   10  -0.01417339   0.00000000
  19   11   0.00781186   0.00000000
  19   12   0.00742638   0.00000000
  19   13  -0.01194614   0.00000000
  19   14  -0.01056776   0.00000000
  19   15  -0.00893589   0.00000000
  19   16   0.00052206   0.00000000
  19   17   0.00569740   0.00000000
  19   18   0.00093357   0.00000000
  19   19   0.00474768   0.00000000
  20  -20  -0.00104375   0.00000000
  20  -19  -0.00920657   0.00000000
  20  -18  -0.00210609   0.00000000
  20  -17  -0.00538306   0.00000000
  20  -16   0.00144690   0.00000000
  20  -15   0.00735453   0.00000000
  20  -14  -0.02118313   0.00000000
  20  -13   0.01362998   0.00000000
  20  -12   0.00439635   0.00000000
  20  -11   0.00449457   0.00000000
  20  -10   0.01370313   0.00000000
  20   -9   0.00777097   0.00000000
  20   -8   0.00421514   0.00000000
  20   -7  -0.00291592   0.00000000
  20   -6  -0.00078183   0.00000000
  20   -5  -0.01253143   0.00000000
  20   -4  -0.01373930   0.00000000
  20   -3  -0.00243086   0.00000000
  20   -2   0.01643032   0.00000000
  20   -1  -0.00257807   0.00000000
  20    0   0.00094944   0.00000000
  20    1   0.01281780   0.00000000
  20    2   0.00887058   0.00000000
  20    3   0.00047485   0.00000000
  20    4   0.00942474   0.00000000
  20    5  -0.00959186   0.00000000
  20    6   0.00928648   0.00000000
  20    7  -0.00487848   0.00000000
  20    8  -0.01102200   0.00000000
  20    9   0.00672588   0.00000000
  20   10   0.00023958   0.00000000
  20   11  -0.01460446   0.00000000
  20   12  -0.00176167   0.00000000
  20   13   0.00343343   0.00000000
  20   14  -0.01018396   0.00000000
  20   15  -0.00641742   0.00000000
  20   16   0.00057708   0.00000000
  20   17   0.00825177   0.00000000
  20   18   0.00952838   0.00000000
  20   19  -0.00371753   0.00000000
  20   20   0.00233911   0.00000000
  21  -21  -0.00170454   0.00000000
  21  -20   0.00978058   0.00000000
  21  -19  -0.00084413   0.00000000
  21  -18  -0.02411756   0.00000000
  21  -17  -0.01332522   0.00000000
  21  -16  -0.00022765   0.00000000
  21  -15  -0.00051254   0.00000000
  21  -14   0.00353075   0.00000000
  21  -13   0.01301140   0.00000000
  21  -12  -0.00356904   0.00000000
  21  -11   0.00681869   0.00000000
  21  -10   0.00594250   0.00000000
  21   -9   0.00065256   0.00000000
  21   -8   0.00047673   0.00000000
  21   -7  -0.01067783   0.00000000
  21   -6  -0.00358066   0.00000000
  21   -5   0.00247457   0.00000000
  21   -4   0.01010101   0.00000000
  21   -3  -0.00047104   0.00000000
  21   -2   0.00193144   0.00000000
  21   -1  -0.01744858   0.00000000
  21    0   0.00174614   0.00000000
  21    1  -0.00113401   0.00000000
  21    2   0.00057455   0.00000000
  21    3   0.01052900   0.00000000
  21    4   0.00330370   0.00000000
  21    5   0.00562698   0.00000000
  21    6  -0.00716973   0.00000000
  21    7   0.00393006   0.00000000
  21    8  -0.01484059   0.00000000
  21    9   0.00515507   0.00000000
  21   10   0.00066888   0.00000000
  21   11  -0.00116651   0.00000000
  21   12  -0.00660458   0.00000000
  21   13  -0.01215550   0.00000000
  21   14   0.00569688   0.00000000
  21   15   0.01814807   0.00000000
  21   16   0.01218924   0.00000000
  21   17   0.00100021   0.00000000
  21   18   0.02400585   0.00000000
  21   19  -0.00649734   0.00000000
  21   20  -0.00849796   0.00000000
  21   21   0.00061898   0.00000000
  22  -22   0.00627723   0.00000000
  22  -21   0.01680302   0.00000000
  22  -20   0.00880265   0.00000000
  22  -19   0.00242568   0.00000000
  22  -18  -0.01295186   0.00000000
  22  -17  -0.00614048   0.00000000
  22  -16  -0.01051140   0.00000000
  22  -15  -0.00032715   0.00000000
  22  -14   0.00995144   0.00000000
  22  -13   0.00634395   0.00000000
  22  -12  -0.00172084   0.00000000
  22  -11   0.00974732   0.00000000
  22  -10   0.01108293   0.00000000
  22   -9   0.00031256   0.00000000
  22   -8  -0.00212108   0.00000000
  22   -7  -0.00010067   0.00000000
  22   -6  -0.00316325   0.00000000
  22   -5  -0.00881102   0.00000000
  22   -4   0.00047184   0.00000000
  22   -3  -0.00915856   0.00000000
  22   -2  -0.00605818   0.00000000
  22   -1  -0.00399508   0.00000000
  22    0  -0.00731224   0.00000000
  22    1  -0.00557778   0.00000000
  22    2  -0.00917031   0.00000000
  22    3   0.00146137   0.00000000
  22    4  -0.00373028   0.00000000
  22    5  -0.01034315   0.00000000
  22    6  -0.00107777   0.00000000
  22    7   0.00255098   0.00000000
  22    8   0.00221375   0.00000000
  22    9  -0.00098880   0.00000000
  22   10   0.00382172   0.00000000
  22   11  -0.00264340   0.00000000
  22   12  -0.00984519   0.00000000
  22   13   0.00708473   0.00000000
  22   14  -0.00223661   0.00000000
  22   15   0.02441816   0.00000000
  22   16   0.00673362   0.00000000
  22   17   0.00126280   0.00000000
  22   18   0.00586501   0.00000000
  22   19   0.00765055   0.00000000
  22   20  -0.00404886   0.00000000
  22   21  -0.00667369   0.00000000
  22   22  -0.01433440   0.00000000
  23  -23  -0.00634504   0.00000000
  23  -22  -0.00107561   0.00000000
  23  -21  -0.00398249   0.00000000
  23  -20   0.01589482   0.00000000
  23  -19   0.00489072   0.00000000
  23  -18  -0.00730059   0.00000000
  23  -17  -0.01112214   0.00000000
  23  -16   0.00853196   0.00000000
  23  -15  -0.00792240   0.00000000
  23  -14   0.00235038   0.00000000
  23  -13   0.00220718   0.00000000
  23  -12  -0.00255290   0.00000000
  23  -11   0.02462821   0.00000000
  23  -10  -0.00392580   0.00000000
  23   -9  -0.00036359   0.00000000
  23   -8   0.00488022   0.00000000
  23   -7   0.00859687   0.00000000
  23   -6   0.00466478   0.00000000
  23   -5  -0.00492773   0.00000000
  23   -4  -0.00157237   0.00000000
  23   -3  -0.00127064   0.00000000
  23   -2  -0.01009111   0.00000000
  23   -1   0.00871203   0.00000000
  23    0  -0.01581382   0.00000000
  23    1  -0.00436594   0.00000000
  23    2  -0.00680901   0.00000000
  23    3  -0.00944448   0.00000000
  23    4  -0.00197485   0.00000000
  23    5  -0.00052474   0.00000000
  23    6  -0.01001355   0.00000000
  23    7  -0.00269678   0.00000000
  23    8   0.00388920   0.00000000
  23    9   0.00743265   0.00000000
  23   10   0.01031382   0.00000000
  23   11   0.00124186   0.00000000
  23   12  -0.00080629   0.00000000
  23   13  -0.00803773   0.00000000
  23   14   0.00850854   0.00000000
  23   15   0.00693306   0.00000000
  23   16   0.00925493   0.00000000
  23   17  -0.00519710   0.00000000
  23   18  -0.00635237   0.00000000
  23   19   0.00766020   0.00000000
  23   20  -0.00317916   0.00000000
  23   21   0.00020525   0.00000000
  23   22  -0.01204388   0.00000000
  23   23  -0.00426601   0.00000000
  24  -24  -0.00723308   0.00000000
  24  -23   0.00260007   0.00000000
  24  -22  -0.00435377   0.00000000
  24  -21   0.00082660   0.00000000
  24  -20   0.01027758   0.00000000
  24  -19  -0.00287356   0.00000000
  24  -18  -0.00619664   0.00000000
  24  -17  -0.00211232   0.00000000
  24  -16   0.00380856   0.00000000
  24  -15  -0.00188517   0.00000000
  24  -14   0.00884762   0.00000000
  24  -13  -0.00702363   0.00000000
  24  -12  -0.00373161   0.00000000
  24  -11   0.00259078   0.00000000
  24  -10   0.00297725   0.00000000
  24   -9   0.00081339   0.00000000
  24   -8  -0.00082351   0.00000000
  24   -7  -0.00484390   0.00000000
  24   -6   0.00006882   0.00000000
  24   -5  -0.00786116   0.00000000
  24   -4  -0.00313451   0.00000000
  24   -3  -0.00023095   0.00000000
  24   -2  -0.00128463   0.00000000
  24   -1   0.00637968   0.00000000
  24    0   0.00030570   0.00000000
  24    1  -0.00500914   0.00000000
  24    2   0.00909180   0.00000000
  24    3   0.00169351   0.00000000
  24    4   0.01535841   0.00000000
  24    5   0.00542717   0.00000000
  24    6   0.00753146   0.00000000
  24    7  -0.00621553   0.00000000
  24    8   0.01308844   0.00000000
  24    9  -0.00506397   0.00000000
  24   10  -0.00167913   0.00000000
  24   11   0.01011266   0.00000000
  24   12   0.01063632   0.00000000
  24   13  -0.00480276   0.00000000
  24   14  -0.01355833   0.00000000
  24   15  -0.00456704   0.00000000
  24   16   0.00730299   0.00000000
  24   17  -0.00763259   0.00000000
  24   18  -0.01171542   0.00000000
  24   19  -0.00503372   0.00000000
  24   20  -0.01045875   0.00000000
  24   21   0.00210106   0.00000000
  24   22   0.00740919   0.00000000
  24   23  -0.00296343   0.00000000
  24   24   0.00490360   0.00000000
  25  -25  -0.00594316   0.00000000
  25  -24  -0.00418671   0.00000000
  25  -23  -0.00861035   0.00000000
  25  -22   0.00042464   0.00000000
  25  -21   0.00095582   0.00000000
  25  -20  -0.00160189   0.00000000
  25  -19  -0.00952125   0.00000000
  25  -18  -0.01143658   0.00000000
  25  -17   0.00107132   0.00000000
  25  -16  -0.00052252   0.00000000
  25  -15   0.01016322   0.00000000
  25  -14  -0.00733497   0.00000000
  25  -13  -0.01154543   0.00000000
  25  -12   0.00360615   0.00000000
  25  -11   0.00172922   0.00000000
  25  -10  -0.00484481   0.00000000
  25   -9   0.00506632   0.00000000
  25   -8  -0.01242207   0.00000000
  25   -7  -0.01007123   0.00000000
  25   -6  -0.00488786   0.00000000
  25   -5  -0.00317902   0.00000000
  25   -4   0.00684259   0.00000000
  25   -3  -0.00456345   0.00000000
  25   -2   0.00264325   0.00000000
  25   -1  -0.00011406   0.00000000
  25    0   0.00590529   0.00000000
  25    1   0.00167273   0.00000000
  25    2   0.00423693   0.00000000
  25    3  -0.00990804   0.00000000
  25    4   0.00093027   0.00000000
  25    5  -0.00321883   0.00000000
  25    6  -0.00178009   0.00000000
  25    7   0.00350579   0.00000000
  25    8   0.00518895   0.00000000
  25    9  -0.01007471   0.00000000
  25   10   0.00907146   0.00000000
  25   11   0.01355154   0.00000000
  25   12   0.00644492   0.00000000
  25   13  -0.00025585   0.00000000
  25   14  -0.00150945   0.00000000
  25   15  -0.00550505   0.00000000
  25   16  -0.00881481   0.00000000
  25   17  -0.01297058   0.00000000
  25   18  -0.00312723   0.00000000
  25   19   0.00022652   0.00000000
  25   20   0.00324888   0.00000000
  25   21  -0.00041071   0.00000000
  25   22   0.00984403   0.00000000
  25   23   0.00079718   0.00000000
  25   24   0.00184822   0.00000000
  25   25   0.00439952   0.00000000
  26  -26   0.00022302   0.00000000
  26  -25  -0.00451784   0.00000000
  26  -24   0.00272562   0.00000000
  26  -23   0.01166053   0.00000000
  26  -22  -0.00012965   0.00000000
  26  -21   0.01109307   0.00000000
  26  -20  -0.01517541   0.00000000
  26  -19  -0.00463818   0.00000000
  26  -18   0.00130404   0.00000000
  26  -17   0.00609295   0.00000000
  26  -16   0.00513967   0.00000000
  26  -15   0.00351197   0.00000000
  26  -14   0.00454251   0.00000000
  26  -13  -0.00139521   0.00000000
  26  -12   0.00039590   0.00000000
  26  -11  -0.01374868   0.00000000
  26  -10   0.01133401   0.00000000
  26   -9  -0.00759747   0.00000000
  26   -8  -0.00732371   0.00000000
  26   -7  -0.00380133   0.00000000
  26   -6  -0.00730739   0.00000000
  26   -5  -0.01319410   0.00000000
  26   -4  -0.00594620   0.00000000
  26   -3  -0.00146883   0.00000000
  26   -2   0.00267997   0.00000000
  26   -1   0.00119601   0.00000000
  26    0  -0.00319044   0.00000000
  26    1   0.00379912   0.00000000
  26    2   0.00485549   0.00000000
  26    3  -0.00123352   0.00000000
  26    4   0.00319276   0.00000000
  26    5   0.00722507   0.00000000
  26    6   0.00604093   0.00000000
  26    7   0.00360211   0.00000000
  26    8   0.00566116   0.00000000
  26    9   0.00045431   0.00000000
  26   10  -0.00354823   0.00000000
  26   11   0.00505312   0.00000000
  26   12  -0.00053957   0.00000000
  26   13  -0.00393843   0.00000000
  26   14   0.00259356   0.00000000
  26   15   0.00735891   0.00000000
  26   16  -0.00611264   0.00000000
  26   17  -0.00620573   0.00000000
  26   18  -0.00476546   0.00000000
  26   19   0.00946114   0.00000000
  26   20   0.01335147   0.00000000
  26   21  -0.00716664   0.00000000
  26   22  -0.00426401   0.00000000
  26   23  -0.00380551   0.00000000
  26   24   0.01061605   0.00000000
  26   25   0.00683902   0.00000000
  26   26  -0.00042116   0.00000000
  27  -27   0.00705814   0.00000000
  27  -26  -0.00537832   0.00000000
  27  -25  -0.00057029   0.00000000
  27  -24  -0.00487724   0.00000000
  27  -23  -0.00144852   0.00000000
  27  -22  -0.00834423   0.00000000
  27  -21  -0.00264343   0.00000000
  27  -20   0.00757839   0.00000000
  27  -19  -0.00563877   0.00000000
  27  -18   0.00007760   0.00000000
  27  -17   0.00023777   0.00000000
  27  -16   0.01231002   0.00000000
  27  -15   0.01051790   0.00000000
  27  -14   0.00734359   0.00000000
  27  -13   0.01161285   0.00000000
  27  -12  -0.00558314   0.00000000
  27  -11  -0.00157322   0.00000000
  27  -10   0.01231654   0.00000000
  27   -9  -0.00371456   0.00000000
  27   -8   0.00061315   0.00000000
  27   -7  -0.00407798   0.00000000
  27   -6   0.00327249   0.00000000
  27   -5  -0.00327349   0.00000000
  27   -4   0.01151414   0.00000000
  27   -3  -0.00115954   0.00000000
  27   -2  -0.00794381   0.00000000
  27   -1  -0.00560869   0.00000000
  27    0   0.00116967   0.00000000
  27    1   0.00290522   0.00000000
  27    2  -0.00253792   0.00000000
  27    3   0.00623448   0.00000000
  27    4  -0.00304948   0.00000000
  27    5   0.01281926   0.00000000
  27    6   0.00024209   0.00000000
  27    7   0.00085841   0.00000000
  27    8  -0.00033129   0.00000000
  27    9   0.00086802   0.00000000
  27   10   0.00801024   0.00000000
  27   11  -0.00246576   0.00000000
  27   12   0.00640072   0.00000000
  27   13   0.00410731   0.00000000
  27   14   0.00601113   0.00000000
  27   15   0.00376920   0.00000000
  27   16  -0.00282280   0.00000000
  27   17  -0.00207466   0.00000000
  27   18  -0.00518402   0.00000000
  27   19   0.00662052   0.00000000
  27   20   0.00958931   0.00000000
  27   21  -0.00204220   0.00000000
  27   22  -0.00270352   0.00000000
  27   23  -0.00303846   0.00000000
  27   24  -0.01018822   0.00000000
  27   25  -0.00505476   0.00000000
  27   26  -0.00558995   0.00000000
  27   27   0.00003916   0.00000000
  28  -28   0.01245998   0.00000000
  28  -27   0.00430280   0.00000000
  28  -26  -0.00821182   0.00000000
  28  -25   0.00262433   0.00000000
  28  -24   0.00459270   0.00000000
  28  -23   0.00039678   0.00000000
  28  -22  -0.00542986   0.00000000
  28  -21   0.00701665   0.00000000
  28  -20   0.01009728   0.00000000
  28  -19   0.00049278   0.00000000
  28  -18  -0.00953806   0.00000000
  28  -17  -0.00709309   0.00000000
  28  -16   0.00180913   0.00000000
  28  -15   0.00181280   0.00000000
  28  -14  -0.00401632   0.00000000
  28  -13   0.00086942   0.00000000
  28  -12   0.00344352   0.00000000
  28  -11   0.00142746   0.00000000
  28  -10   0.01512787   0.00000000
  28   -9   0.00122577   0.00000000
  28   -8  -0.00147469   0.00000000
  28   -7   0.00574959   0.00000000
  28   -6  -0.00016546   0.00000000
  28   -5   0.00002731   0.00000000
  28   -4   0.00991024   0.00000000
  28   -3  -0.00233098   0.00000000
  28   -2  -0.00977840   0.00000000
  28   -1  -0.00185023   0.00000000
  28    0  -0.00384134   0.00000000
  28    1   0.00148763   0.00000000
  28    2  -0.00276891   0.00000000
  28    3   0.00270703   0.00000000
  28    4   0.00826002   0.00000000
  28    5  -0.00328312   0.00000000
  28    6  -0.00236682   0.00000000
  28    7  -0.00677123   0.00000000
  28    8   0.00784569   0.00000000
  28    9  -0.00231967   0.00000000
  28   10  -0.00126568   0.00000000
  28   11   0.00296699   0.00000000
  28   12  -0.00800047   0.00000000
  28   13   0.00630760   0.00000000
  28   14  -0.00565170   0.00000000
  28   15  -0.00364435   0.00000000
  28   16  -0.01034483   0.00000000
  28   17  -0.00202825   0.00000000
  28   18   0.00250810   0.00000000
  28   19  -0.00516680   0.00000000
  28   20  -0.00898518   0.00000000
  28   21   0.00471944   0.00000000
  28   22   0.00375996   0.00000000
  28   23   0.00054607   0.00000000
  28   24   0.00314677   0.00000000
  28   25  -0.00328445   0.00000000
  28   26  -0.00700876   0.00000000
  28   27  -0.00297070   0.00000000
  28   28   0.00757676   0.00000000
  29  -29   0.00585474   0.00000000
  29  -28   0.00375334   0.00000000
  29  -27   0.00717932   0.00000000
  29  -26  -0.00728656   0.00000000
  29  -25   0.00080655   0.00000000
  29  -24  -0.01217784   0.00000000
  29  -23   0.00411275   0.00000000
  29  -22   0.00324228   0.00000000
  29  -21   0.00627646   0.00000000
  29  -20   0.00056867   0.00000000
  29  -19   0.00567046   0.00000000
  29  -18  -0.00337528   0.00000000
  29  -17  -0.00884466   0.00000000
  29  -16  -0.00207778   0.00000000
  29  -15  -0.01204620   0.00000000
  29  -14  -0.00175212   0.00000000
  29  -13   0.00368078   0.00000000
  29  -12  -0.00154984   0.00000000
  29  -11   0.01988195   0.00000000
  29  -10  -0.00830028   0.00000000
  29   -9  -0.00177613   0.00000000
  29   -8  -0.00353451   0.00000000
  29   -7   0.00299119   0.00000000
  29   -6   0.00425893   0.00000000
  29   -5   0.00405154   0.00000000
  29   -4  -0.00057774   0.00000000
  29   -3  -0.00669147   0.00000000
  29   -2  -0.00755161   0.00000000
  29   -1   0.00774655   0.00000000
  29    0   0.00036554   0.00000000
  29    1  -0.01186654   0.00000000
  29    2   0.00030994   0.00000000
  29    3   0.00098159   0.00000000
  29    4  -0.00396466   0.00000000
  29    5  -0.00004421   0.00000000
  29    6  -0.00969011   0.00000000
  29    7   0.00556962   0.00000000
  29    8  -0.01594228   0.00000000
  29    9   0.00657285   0.00000000
  29   10   0.01182089   0.00000000
  29   11  -0.00032035   0.00000000
  29   12  -0.00197306   0.00000000
  29   13  -0.00644702   0.00000000
  29   14   0.00486142   0.00000000
  29   15  -0.00443341   0.00000000
  29   16  -0.00125230   0.00000000
  29   17  -0.00868024   0.00000000
  29   18   0.00377327   0.00000000
  29   19  -0.00194993   0.00000000
  29   20  -0.00959341   0.00000000
  29   21  -0.00881111   0.00000000
  29   22   0.00154496   0.00000000
  29   23   0.00344394   0.00000000
  29   24   0.00210341   0.00000000
  29   25   0.00512612   0.00000000
  29   26   0.00035127   0.00000000
  29   27  -0.00386169   0.00000000
  29   28   0.01241439   0.00000000
  29   29   0.00879673   0.00000000
  30  -30  -0.00093026   0.00000000
  30  -29   0.00551615   0.00000000
  30  -28   0.00608752   0.00000000
  30  -27   0.00143188   0.00000000
  30  -26   0.00219558   0.00000000
  30  -25  -0.00242265   0.00000000
  30  -24  -0.00943731   0.00000000
  30  -23   0.00258576   0.00000000
  30  -22  -0.00467725   0.00000000
  30  -21  -0.00546550   0.00000000
  30  -20   0.01261984   0.00000000
  30  -19   0.00287180   0.00000000
  30  -18  -0.00119875   0.00000000
  30  -17  -0.00530955   0.00000000
  30  -16  -0.00109276   0.00000000
  30  -15   0.00144326   0.00000000
  30  -14   0.00259976   0.00000000
  30  -13  -0.00493896   0.00000000
  30  -12  -0.00595052   0.00000000
  30  -11   0.00770503   0.00000000
  30  -10  -0.00051652   0.00000000
  30   -9   0.00437598   0.00000000
  30   -8   0.00128492   0.00000000
  30   -7  -0.00300466   0.00000000
  30   -6  -0.00144501   0.00000000
  30   -5  -0.00738758   0.00000000
  30   -4  -0.01141043   0.00000000
  30   -3   0.00230880   0.00000000
  30   -2  -0.00056327   0.00000000
  30   -1   0.00584145   0.00000000
  30    0   0.00647009   0.00000000
  30    1   0.00244681   0.00000000
  30    2  -0.00024206   0.00000000
  30    3   0.00148082   0.00000000
  30    4   0.00833415   0.00000000
  30    5  -0.00090795   0.00000000
  30    6  -0.00238526   0.00000000
  30    7   0.00206802   0.00000000
  30    8   0.00398409   0.00000000
  30    9   0.00127600   0.00000000
  30   10  -0.00012656   0.00000000
  30   11   0.00269772   0.00000000
  30   12  -0.00023892   0.00000000
  30   13  -0.00802127   0.00000000
  30   14   0.00721405   0.00000000
  30   15   0.00416615   0.00000000
  30   16  -0.00033124   0.00000000
  30   17  -0.00617323   0.00000000
  30   18   0.00496095   0.00000000
  30   19   0.00307691   0.00000000
  30   20  -0.00244885   0.00000000
  30   21  -0.00539515   0.00000000
  30   22   0.00041962   0.00000000
  30   23   0.00007371   0.00000000
  30   24   0.00185832   0.00000000
  30   25   0.00280963   0.00000000
  30   26  -0.00525145   0.00000000
  30   27   0.00228666   0.00000000
  30   28  -0.00607391   0.00000000
  30   29  -0.00232182   0.00000000
  30   30  -0.00302997   0.00000000
  31  -31   0.00635326   0.00000000
  31  -30  -0.00543413   0.00000000
  31  -29  -0.00891901   0.00000000
  31  -28  -0.00666556   0.00000000
  31  -27  -0.00588004   0.00000000
  31  -26  -0.00037881   0.00000000
  31  -25  -0.00496092   0.00000000
  31  -24  -0.00592620   0.00000000
  31  -23   0.00011412   0.00000000
  31  -22  -0.00847623   0.00000000
  31  -21  -0.00256369   0.00000000
  31  -20  -0.00325998   0.00000000
  31  -19   0.00707398   0.00000000
  31  -18  -0.00086969   0.00000000
  31  -17   0.00428017   0.00000000
  31  -16   0.00335144   0.00000000
  31  -15   0.00459447   0.00000000
  31  -14   0.00334375   0.00000000
  31  -13   0.00321311   0.00000000
  31  -12   0.00593756   0.00000000
  31  -11   0.00915843   0.00000000
  31  -10   0.00494485   0.00000000
  31   -9  -0.00307478   0.00000000
  31   -8   0.00396211   0.00000000
  31   -7  -0.00193037   0.00000000
  31   -6  -0.00146380   0.00000000
  31   -5   0.00303320   0.00000000
  31   -4  -0.00363946   0.00000000
  31   -3   0.00157078   0.00000000
  31   -2  -0.00623159   0.00000000
  31   -1  -0.00951208   0.00000000
  31    0   0.00531356   0.00000000
  31    1   0.00532213   0.00000000
  31    2   0.00633230   0.00000000
  31    3   0.00707605   0.00000000
  31    4   0.01055246   0.00000000
  31    5   0.00671893   0.00000000
  31    6  -0.00160976   0.00000000
  31    7   0.00003387   0.00000000
  31    8  -0.00907263   0.00000000
  31    9   0.00715833   0.00000000
  31   10   0.00099917   0.00000000
  31   11   0.00932237   0.00000000
  31   12   0.00218402   0.00000000
  31   13  -0.00308735   0.00000000
  31   14  -0.00366606   0.00000000
  31   15   0.01440051   0.00000000
  31   16  -0.00726859   0.00000000
  31   17  -0.00222422   0.00000000
  31   18  -0.00096649   0.00000000
  31   19   0.00115206   0.00000000
  31   20   0.00342474   0.00000000
  31   21   0.00519779   0.00000000
  31   22  -0.00059371   0.00000000
  31   23   0.00877655   0.00000000
  31   24   0.00125222   0.00000000
  31   25   0.00077497   0.00000000
  31   26  -0.00754547   0.00000000
  31   27  -0.00338775   0.00000000
  31   28   0.00720359   0.00000000
  31   29   0.00206383   0.00000000
  31   30  -0.00853357   0.00000000
  31   31   0.00407412   0.00000000
  32  -32   0.00425045   0.00000000
  32  -31  -0.00460140   0.00000000
  32  -30  -0.00316680   0.00000000
  32  -29  -0.00737985   0.00000000
  32  -28  -0.00336518   0.00000000
  32  -27  -0.00314567   0.00000000
  32  -26   0.00420893   0.00000000
  32  -25   0.00189577   0.00000000
  32  -24  -0.00425695   0.00000000
  32  -23  -0.00382166   0.00000000
  32  -22  -0.00278012   0.00000000
  32  -21   0.00224512   0.00000000
  32  -20  -0.00240294   0.00000000
  32  -19   0.00156468   0.00000000
  32  -18  -0.00742435   0.00000000
  32  -17   0.00308653   0.00000000
  32  -16  -0.00220529   0.00000000
  32  -15   0.00925402   0.00000000
  32  -14   0.00138717   0.00000000
  32  -13  -0.00330433   0.00000000
  32  -12   0.00744813   0.00000000
  32  -11  -0.00353729   0.00000000
  32  -10   0.00284000   0.00000000
  32   -9   0.00767188   0.00000000
  32   -8   0.00590142   0.00000000
  32   -7  -0.00166340   0.00000000
  32   -6  -0.00574833   0.00000000
  32   -5  -0.00714448   0.00000000
  32   -4  -0.00410299   0.00000000
  32   -3  -0.00058963   0.00000000
  32   -2   0.00023090   0.00000000
  32   -1  -0.00674798   0.00000000
  32    0   0.00236615   0.00000000
  32    1   0.00102116   0.00000000
  32    2   0.00208695   0.00000000
  32    3  -0.00129537   0.00000000
  32    4   0.01082101   0.00000000
  32    5   0.00666644   0.00000000
  32    6  -0.00879665   0.00000000
  32    7  -0.00189509   0.00000000
  32    8   0.00043959   0.00000000
  32    9  -0.00231901   0.00000000
  32   10  -0.00009507   0.00000000
  32   11   0.00335087   0.00000000
  32   12  -0.00515770   0.00000000
  32   13  -0.00307082   0.00000000
  32   14  -0.00529970   0.00000000
  32   15   0.00772885   0.00000000
  32   16   0.00520667   0.00000000
  32   17  -0.00680304   0.00000000
  32   18   0.00978507   0.00000000
  32   19  -0.00100894   0.00000000
  32   20   0.00091642   0.00000000
  32   21   0.00938331   0.00000000
  32   22  -0.00051925   0.00000000
  32   23  -0.00279066   0.00000000
  32   24  -0.00599344   0.00000000
  32   25  -0.01163251   0.00000000
  32   26  -0.00068946   0.00000000
  32   27  -0.00178133   0.00000000
  32   28   0.00468094   0.00000000
  32   29   0.00639424   0.00000000
  32   30  -0.00235912   0.00000000
  32   31  -0.00094517   0.00000000
  32   32  -0.00893740   0.00000000
  33  -33  -0.00651550   0.00000000
  33  -32   0.01433989   0.00000000
  33  -31   0.00408114   0.00000000
  33  -30  -0.00010121   0.00000000
  33  -29  -0.00006671   0.00000000
  33  -28  -0.00515964   0.00000000
  33  -27  -0.00898704   0.00000000
  33  -26   0.00692049   0.00000000
  33  -25  -0.00620357   0.00000000
  33  -24  -0.00026049   0.00000000
  33  -23  -0.00430232   0.00000000
  33  -22  -0.00245419   0.00000000
  33  -21   0.00069254   0.00000000
  33  -20  -0.00894430   0.00000000
  33  -19  -0.00351479   0.00000000
  33  -18  -0.00804532   0.00000000
  33  -17   0.00002410   0.00000000
  33  -16   0.00138828   0.00000000
  33  -15  -0.00694343   0.00000000
  33  -14   0.00054487   0.00000000
  33  -13   0.00357181   0.00000000
  33  -12   0.00091402   0.00000000
  33  -11   0.00581540   0.00000000
  33  -10   0.00775814   0.00000000
  33   -9   0.00348990   0.00000000
  33   -8  -0.00731888   0.00000000
  33   -7  -0.00054253   0.00000000
  33   -6  -0.00149411   0.00000000
  33   -5  -0.00079346   0.00000000
  33   -4   0.00668876   0.00000000
  33   -3   0.00320955   0.00000000
  33   -2   0.00231434   0.00000000
  33   -1   0.00268752   0.00000000
  33    0  -0.00507900   0.00000000
  33    1  -0.00411275   0.00000000
  33    2  -0.00723994   0.00000000
  33    3  -0.00662752   0.00000000
  33    4  -0.00172610   0.00000000
  33    5   0.00712341   0.00000000
  33    6  -0.00963574   0.00000000
  33    7  -0.00654202   0.00000000
  33    8  -0.00144824   0.00000000
  33    9   0.00062759   0.00000000
  33   10  -0.00471297   0.00000000
  33   11   0.00182795   0.00000000
  33   12   0.00209605   0.00000000
  33   13  -0.00283899   0.00000000
  33   14   0.00337928   0.00000000
  33   15   0.00177400   0.00000000
  33   16   0.00532668   0.00000000
  33   17  -0.00390883   0.00000000
  33   18  -0.00715065   0.00000000
  33   19   0.01223752   0.00000000
  33   20  -0.00229034   0.00000000
  33   21   0.00240974   0.00000000
  33   22   0.00948007   0.00000000
  33   23  -0.00476298   0.00000000
  33   24  -0.00286544   0.00000000
  33   25  -0.00782353   0.00000000
  33   26  -0.00421704   0.00000000
  33   27  -0.00140856   0.00000000
  33   28   0.00327616   0.00000000
  33   29  -0.00776199   0.00000000
  33   30   0.00400355   0.00000000
  33   31  -0.00403143   0.00000000
  33   32   0.00044563   0.00000000
  33   33   0.00286868   0.00000000
  34  -34  -0.00434528   0.00000000
  34  -33  -0.00686718   0.00000000
  34  -32  -0.00115342   0.00000000
  34  -31   0.00834742   0.00000000
  34  -30   0.00113441   0.00000000
  34  -29  -0.00556910   0.00000000
  34  -28  -0.00783913   0.00000000
  34  -27  -0.00507684   0.00000000
  34  -26  -0.00080580   0.00000000
  34  -25  -0.00997696   0.00000000
  34  -24  -0.00042740   0.00000000
  34  -23   0.00343638   0.00000000
  34  -22   0.00650396   0.00000000
  34  -21   0.00621522   0.00000000
  34  -20  -0.00793414   0.00000000
  34  -19  -0.00390028   0.00000000
  34  -18  -0.00237364   0.00000000
  34  -17  -0.00394144   0.00000000
  34  -16  -0.00567673   0.00000000
  34  -15   0.00267921   0.00000000
  34  -14   0.00199630   0.00000000
  34  -13   0.00291025   0.00000000
  34  -12  -0.00307847   0.00000000
  34  -11   0.00309144   0.00000000
  34  -10   0.00651250   0.00000000
  34   -9   0.00581136   0.00000000
  34   -8  -0.00169139   0.00000000
  34   -7  -0.00477744   0.00000000
  34   -6  -0.00183175   0.00000000
  34   -5  -0.00138883   0.00000000
  34   -4   0.00047735   0.00000000
  34   -3   0.01070400   0.00000000
  34   -2   0.00203728   0.00000000
  34   -1  -0.00460599   0.00000000
  34    0  -0.00393403   0.00000000
  34    1  -0.00615031   0.00000000
  34    2   0.00126900   0.00000000
  34    3  -0.00307995   0.00000000
  34    4  -0.00116306   0.00000000
  34    5  -0.00239379   0.00000000
  34    6   0.00578804   0.00000000
  34    7  -0.00058122   0.00000000
  34    8   0.00040420   0.00000000
  34    9   0.00002669   0.00000000
  34   10  -0.00988010   0.00000000
  34   11  -0.00277246   0.00000000
  34   12   0.00484271   0.00000000
  34   13   0.00099602   0.00000000
  34   14  -0.00668038   0.00000000
  34   15  -0.00442931   0.00000000
  34   16   0.00182227   0.00000000
  34   17  -0.00242243   0.00000000
  34   18  -0.00642812   0.00000000
  34   19  -0.00420324   0.00000000
  34   20   0.00351275   0.00000000
  34   21  -0.00475352   0.00000000
  34   22   0.00038652   0.00000000
  34   23   0.00193118   0.00000000
  34   24   0.00628390   0.00000000
  34   25   0.00532338   0.00000000
  34   26  -0.00052815   0.00000000
  34   27   0.01144793   0.00000000
  34   28   0.00276495   0.00000000
  34   29   0.00113436   0.00000000
  34   30   0.00031522   0.00000000
  34   31  -0.00696356   0.00000000
  34   32   0.01016558   0.00000000
  34   33   0.00051600   0.00000000
  34   34  -0.00172330   0.00000000
  35  -35  -0.00882597   0.00000000
  35  -34   0.00625616   0.00000000
  35  -33   0.00296768   0.00000000
  35  -32  -0.00613724   0.00000000
  35  -31   0.00206925   0.00000000
  35  -30   0.00046251   0.00000000
  35  -29  -0.00289274   0.00000000
  35  -28  -0.00487979   0.00000000
  35  -27   0.00437471   0.00000000
  35  -26   0.00660544   0.00000000
  35  -25   0.00606196   0.00000000
  35  -24  -0.00020434   0.00000000
  35  -23  -0.00159607   0.00000000
  35  -22   0.00678757   0.00000000
  35  -21   0.00606269   0.00000000
  35  -20  -0.00329566   0.00000000
  35  -19  -0.00488066   0.00000000
  35  -18  -0.00089646   0.00000000
  35  -17   0.00069534   0.00000000
  35  -16   0.00041162   0.00000000
  35  -15   0.00694081   0.00000000
  35  -14   0.00454179   0.00000000
  35  -13  -0.00242899   0.00000000
  35  -12  -0.00074454   0.00000000
  35  -11   0.00665883   0.00000000
  35  -10   0.00185597   0.00000000
  35   -9  -0.00435572   0.00000000
  35   -8   0.00387091   0.00000000
  35   -7   0.00475227   0.00000000
  35   -6   0.00046421   0.00000000
  35   -5  -0.00392032   0.00000000
  35   -4   0.00817046   0.00000000
  35   -3  -0.00214977   0.00000000
  35   -2  -0.00358432   0.00000000
  35   -1   0.00019291   0.00000000
  35    0   0.00553226   0.00000000
  35    1  -0.00038464   0.00000000
  35    2  -0.00406964   0.00000000
  35    3  -0.00339720   0.00000000
  35    4  -0.00441175   0.00000000
  35    5   0.00391782   0.00000000
  35    6  -0.00115433   0.00000000
  35    7   0.00608435   0.00000000
  35    8   0.00217539   0.00000000
  35    9   0.00156854   0.00000000
  35   10  -0.00515822   0.00000000
  35   11   0.00040237   0.00000000
  35   12   0.00052530   0.00000000
  35   13  -0.00242412   0.00000000
  35   14  -0.00567813   0.00000000
  35   15  -0.00701128   0.00000000
  35   16  -0.00141700   0.00000000
  35   17   0.00611808   0.00000000
  35   18  -0.01295176   0.00000000
  35   19  -0.00473636   0.00000000
  35   20  -0.00474052   0.00000000
  35   21   0.00435319   0.00000000
  35   22  -0.00503226   0.00000000
  35   23  -0.00617451   0.00000000
  35   24   0.00857402   0.00000000
  35   25   0.00690107   0.00000000
  35   26  -0.00244488   0.00000000
  35   27   0.00430796   0.00000000
  35   28  -0.00029865   0.00000000
  35   29  -0.00326895   0.00000000
  35   30   0.00338775   0.00000000
  35   31  -0.00261873   0.00000000
  35   32  -0.00218273   0.00000000
  35   33   0.00202888   0.00000000
  35   34   0.00447696   0.00000000
  35   35  -0.00632328   0.00000000
  36  -36  -0.00866354   0.00000000
  36  -35  -0.00548430   0.00000000
  36  -34  -0.00650699   0.00000000
  36  -33  -0.00266320   0.00000000
  36  -32  -0.00020734   0.00000000
  36  -31   0.00686105   0.00000000
  36  -30  -0.00627905   0.00000000
  36  -29  -0.00827678   0.00000000
  36  -28  -0.00999179   0.00000000
  36  -27  -0.00312149   0.00000000
  36  -26  -0.00190644   0.00000000
  36  -25   0.00468993   0.00000000
  36  -24  -0.00179134   0.00000000
  36  -23  -0.00640886   0.00000000
  36  -22   0.00701047   0.00000000
  36  -21   0.00597857   0.00000000
  36  -20  -0.00294700   0.00000000
  36  -19  -0.00568899   0.00000000
  36  -18   0.00045379   0.00000000
  36  -17   0.00280529   0.00000000
  36  -16   0.00204356   0.00000000
  36  -15   0.00036760   0.00000000
  36  -14   0.00222931   0.00000000
  36  -13  -0.00460942   0.00000000
  36  -12  -0.00368981   0.00000000
  36  -11  -0.00535323   0.00000000
  36  -10  -0.00414832   0.00000000
  36   -9  -0.00573343   0.00000000
  36   -8   0.00279719   0.00000000
  36   -7   0.00648842   0.00000000
  36   -6  -0.00348817   0.00000000
  36   -5  -0.00312099   0.00000000
  36   -4   0.00100796   0.00000000
  36   -3  -0.00702024   0.00000000
  36   -2  -0.00691505   0.00000000
  36   -1   0.00489402   0.00000000
  36    0   0.00376124   0.00000000
  36    1   0.00248183   0.00000000
  36    2  -0.00172091   0.00000000
  36    3   0.00110060   0.00000000
  36    4   0.00275499   0.00000000
  36    5  -0.00055700   0.00000000
  36    6   0.00607268   0.00000000
  36    7   0.00325946   0.00000000
  36    8  -0.00114902   0.00000000
  36    9   0.00310612   0.00000000
  36   10  -0.00040280   0.00000000
  36   11  -0.00209496   0.00000000
  36   12  -0.00268198   0.00000000
  36   13  -0.00508273   0.00000000
  36   14  -0.00391024   0.00000000
  36   15  -0.00139822   0.00000000
  36   16   0.00189514   0.00000000
  36   17  -0.00562875   0.00000000
  36   18  -0.00268340   0.00000000
  36   19  -0.00335082   0.00000000
  36   20   0.00354824   0.00000000
  36   21  -0.00210554   0.00000000
  36   22  -0.00249429   0.00000000
  36   23   0.00305575   0.00000000
  36   24  -0.00546391   0.00000000
  36   25   0.00547865   0.00000000
  36   26  -0.00207937   0.00000000
  36   27  -0.00387742   0.00000000
  36   28   0.00104875   0.00000000
  36   29  -0.00434245   0.00000000
  36   30   0.00280656   0.00000000
  36   31  -0.00021364   0.00000000
  36   32   0.00973306   0.00000000
  36   33   0.00797089   0.00000000
  36   34  -0.00289165   0.00000000
  36   35  -0.00031260   0.00000000
  36   36   0.00322133   0.00000000
  37  -37  -0.00503272   0.00000000
  37  -36  -0.00278052   0.00000000
  37  -35   0.00153296   0.00000000
  37  -34   0.00707211   0.00000000
  37  -33  -0.00082043   0.00000000
  37  -32   0.00357073   0.00000000
  37  -31  -0.00496771   0.00000000
  37  -30   0.00192215   0.00000000
  37  -29  -0.00662510   0.00000000
  37  -28  -0.00388368   0.00000000
  37  -27  -0.00034570   0.00000000
  37  -26  -0.00062755   0.00000000
  37  -25   0.00128145   0.00000000
  37  -24  -0.00035337   0.00000000
  37  -23  -0.00119834   0.00000000
  37  -22   0.00681367   0.00000000
  37  -21  -0.00328631   0.00000000
  37  -20  -0.00397232   0.00000000
  37  -19   0.00182076   0.00000000
  37  -18  -0.00634394   0.00000000
  37  -17   0.00230091   0.00000000
  37  -16   0.00245743   0.00000000
  37  -15   0.00378565   0.00000000
  37  -14  -0.00348671   0.00000000
  37  -13  -0.00333694   0.00000000
  37  -12  -0.00422793   0.00000000
  37  -11   0.00305226   0.00000000
  37  -10  -0.00488740   0.00000000
  37   -9  -0.00328321   0.00000000
  37   -8  -0.00047670   0.00000000
  37   -7  -0.00024010   0.00000000
  37   -6   0.00016372   0.00000000
  37   -5   0.00291706   0.00000000
  37   -4   0.00127032   0.00000000
  37   -3  -0.00262055   0.00000000
  37   -2  -0.00364963   0.00000000
  37   -1   0.00074976   0.00000000
  37    0  -0.00462944   0.00000000
  37    1   0.00294385   0.00000000
  37    2   0.00063879   0.00000000
  37    3   0.00329264   0.00000000
  37    4   0.00213414   0.00000000
  37    5  -0.00171326   0.00000000
  37    6  -0.00644784   0.00000000
  37    7   0.00281830   0.00000000
  37    8  -0.00263362   0.00000000
  37    9  -0.00146005   0.00000000
  37   10   0.00798836   0.00000000
  37   11  -0.00162343   0.00000000
  37   12  -0.00889993   0.00000000
  37   13  -0.00892135   0.00000000
  37   14   0.00509539   0.00000000
  37   15   0.00753724   0.00000000
  37   16  -0.00029348   0.00000000
  37   17   0.00166669   0.00000000
  37   18  -0.00176235   0.00000000
  37   19   0.00153749   0.00000000
  37   20   0.00132445   0.00000000
  37   21  -0.00110498   0.00000000
  37   22  -0.00115997   0.00000000
  37   23  -0.00006325   0.00000000
  37   24  -0.00302974   0.00000000
  37   25   0.00163564   0.00000000
  37   26  -0.00238636   0.00000000
  37   27  -0.00382051   0.00000000
  37   28   0.00137113   0.00000000
  37   29  -0.00033649   0.00000000
  37   30   0.00782238   0.00000000
  37   31   0.00181508   0.00000000
  37   32  -0.00232454   0.00000000
  37   33  -0.00017712   0.00000000
  37   34  -0.00479340   0.00000000
  37   35  -0.00504893   0.00000000
  37   36   0.00075235   0.00000000
  37   37   0.00102586   0.00000000
  38  -38  -0.00130432   0.00000000
  38  -37  -0.00335781   0.00000000
  38  -36  -0.00254195   0.00000000
  38  -35  -0.00058279   0.00000000
  38  -34   0.00298680   0.00000000
  38  -33   0.00470471   0.00000000
  38  -32  -0.00262532   0.00000000
  38  -31  -0.00045437   0.00000000
  38  -30  -0.00612313   0.00000000
  38  -29  -0.00442358   0.00000000
  38  -28   0.00056399   0.00000000
  38  -27   0.00466518   0.00000000
  38  -26   0.00416447   0.00000000
  38  -25  -0.00510734   0.00000000
  38  -24  -0.00039067   0.00000000
  38  -23   0.00361134   0.00000000
  38  -22  -0.00113849   0.00000000
  38  -21  -0.00775472   0.00000000
  38  -20  -0.00330531   0.00000000
  38  -19  -0.00792944   0.00000000
  38  -18   0.00079823   0.00000000
  38  -17   0.00816194   0.00000000
  38  -16   0.00156670   0.00000000
  38  -15  -0.00475168   0.00000000
  38  -14  -0.00149986   0.00000000
  38  -13  -0.00921643   0.00000000
  38  -12  -0.00547143   0.00000000
  38  -11   0.00105126   0.00000000
  38  -10  -0.00095486   0.00000000
  38   -9  -0.00284115   0.00000000
  38   -8   0.00653209   0.00000000
  38   -7   0.00319155   0.00000000
  38   -6  -0.00180755   0.00000000
  38   -5   0.00084260   0.00000000
  38   -4  -0.00334479   0.00000000
  38   -3  -0.00480482   0.00000000
  38   -2  -0.00144560   0.00000000
  38   -1  -0.00039312   0.00000000
  38    0  -0.00547948   0.00000000
  38    1   0.00612462   0.00000000
  38    2  -0.00134230   0.00000000
  38    3  -0.00062804   0.00000000
  38    4   0.00297776   0.00000000
  38    5   0.00290088   0.00000000
  38    6  -0.00938989   0.00000000
  38    7  -0.00260166   0.00000000
  38    8   0.00923060   0.00000000
  38    9  -0.00103363   0.00000000
  38   10   0.00321254   0.00000000
  38   11   0.00412269   0.00000000
  38   12  -0.00545032   0.00000000
  38   13  -0.01030064   0.00000000
  38   14  -0.00760628   0.00000000
  38   15   0.00108121   0.00000000
  38   16   0.00221183   0.00000000
  38   17   0.00199858   0.00000000
  38   18   0.00876404   0.00000000
  38   19   0.00332895   0.00000000
  38   20   0.00071298   0.00000000
  38   21  -0.00296487   0.00000000
  38   22  -0.00015906   0.00000000
  38   23   0.00270109   0.00000000
  38   24  -0.00270617   0.00000000
  38   25   0.00027258   0.00000000
  38   26  -0.00177508   0.00000000
  38   27  -0.00442961   0.00000000
  38   28   0.00376146   0.00000000
  38   29   0.00123964   0.00000000
  38   30  -0.00034234   0.00000000
  38   31  -0.00190143   0.00000000
  38   32  -0.00186949   0.00000000
  38   33  -0.00223524   0.00000000
  38   34  -0.00458199   0.00000000
  38   35  -0.00531333   0.00000000
  38   36  -0.00357438   0.00000000
  38   37   0.00369458   0.00000000
  38   38  -0.00017202   0.00000000
  39  -39  -0.00550546   0.00000000
  39  -38  -0.00155258   0.00000000
  39  -37   0.00143988   0.00000000
  39  -36  -0.00132670   0.00000000
  39  -35   0.00178016   0.00000000
  39  -34  -0.00397637   0.00000000
  39  -33   0.00113619   0.00000000
  39  -32  -0.00162239   0.00000000
  39  -31  -0.00203005   0.00000000
  39  -30  -0.00455502   0.00000000
  39  -29   0.00126069   0.00000000
  39  -28  -0.00428876   0.00000000
  39  -27   0.00226536   0.00000000
  39  -26   0.00926990   0.00000000
  39  -25   0.00300471   0.00000000
  39  -24  -0.00234484   0.00000000
  39  -23  -0.00008941   0.00000000
  39  -22  -0.00571280   0.00000000
  39  -21  -0.00554672   0.00000000
  39  -20  -0.00418504   0.00000000
  39  -19   0.00861919   0.00000000
  39  -18   0.00237122   0.00000000
  39  -17   0.00782837   0.00000000
  39  -16  -0.00312257   0.00000000
  39  -15  -0.00443181   0.00000000
  39  -14  -0.00176336   0.00000000
  39  -13  -0.00247300   0.00000000
  39  -12   0.00061944   0.00000000
  39  -11   0.00747974   0.00000000
  39  -10  -0.00631389   0.00000000
  39   -9   0.00441878   0.00000000
  39   -8   0.00841590   0.00000000
  39   -7  -0.00398549   0.00000000
  39   -6   0.00486972   0.00000000
  39   -5   0.00086960   0.00000000
  39   -4   0.00296071   0.00000000
  39   -3  -0.00026691   0.00000000
  39   -2  -0.00625061   0.00000000
  39   -1  -0.00291318   0.00000000
  39    0  -0.00051980   0.00000000
  39    1  -0.00281662   0.00000000
  39    2   0.00114814   0.00000000
  39    3  -0.00440141   0.00000000
  39    4   0.00335180   0.00000000
  39    5   0.00564473   0.00000000
  39    6  -0.00665505   0.00000000
  39    7  -0.00201208   0.00000000
  39    8  -0.00481578   0.00000000
  39    9   0.00587720   0.00000000
  39   10   0.00662696   0.00000000
  39   11   0.00999845   0.00000000
  39   12  -0.00132490   0.00000000
  39   13  -0.01147944   0.00000000
  39   14   0.00135141   0.00000000
  39   15   0.00201901   0.00000000
  39   16  -0.00066935   0.00000000
  39   17  -0.00023199   0.00000000
  39   18  -0.00215273   0.00000000
  39   19   0.00509975   0.00000000
  39   20   0.00362828   0.00000000
  39   21  -0.00100873   0.00000000
  39   22  -0.00330308   0.00000000
  39   23  -0.00463911   0.00000000
  39   24  -0.00397064   0.00000000
  39   25  -0.00074859   0.00000000
  39   26   0.00290362   0.00000000
  39   27   0.00243715   0.00000000
  39   28   0.00331243   0.00000000
  39   29  -0.00049070   0.00000000
  39   30   0.00373838   0.00000000
  39   31   0.00181132   0.00000000
  39   32  -0.00170992   0.00000000
  39   33  -0.00161305   0.00000000
  39   34   0.00035443   0.00000000
  39   35  -0.00318654   0.00000000
  39   36   0.00340214   0.00000000
  39   37   0.00129035   0.00000000
  39   38  -0.00594481   0.00000000
  39   39  -0.00034435   0.00000000
  40  -40  -0.00144241   0.00000000
  40  -39  -0.00434541   0.00000000
  40  -38   0.01145915   0.00000000
  40  -37  -0.00188293   0.00000000
  40  -36  -0.00285493   0.00000000
  40  -35  -0.00135589   0.00000000
  40  -34   0.00707471   0.00000000
  40  -33   0.00690629   0.00000000
  40  -32   0.00040060   0.00000000
  40  -31  -0.00213374   0.00000000
  40  -30  -0.00191544   0.00000000
  40  -29   0.00183466   0.00000000
  40  -28   0.00388218   0.00000000
  40  -27   0.00240820   0.00000000
  40  -26   0.00687292   0.00000000
  40  -25  -0.00740434   0.00000000
  40  -24   0.00701382   0.00000000
  40  -23   0.00051979   0.00000000
  40  -22  -0.00655451   0.00000000
  40  -21  -0.00204430   0.00000000
  40  -20   0.00103081   0.00000000
  40  -19   0.00555731   0.00000000
  40  -18  -0.00225951   0.00000000
  40  -17   0.00405544   0.00000000
  40  -16  -0.00329040   0.00000000
  40  -15   0.00377424   0.00000000
  40  -14  -0.00386585   0.00000000
  40  -13   0.00345788   0.00000000
  40  -12   0.00095378   0.00000000
  40  -11   0.00302722   0.00000000
  40  -10   0.00348387   0.00000000
  40   -9   0.00781559   0.00000000
  40   -8  -0.00169873   0.00000000
  40   -7  -0.00897694   0.00000000
  40   -6  -0.00044851   0.00000000
  40   -5  -0.00721226   0.00000000
  40   -4  -0.00344431   0.00000000
  40   -3   0.00183536   0.00000000
  40   -2   0.00061650   0.00000000
  40   -1  -0.00124349   0.00000000
  40    0   0.00344849   0.00000000
  40    1  -0.00280498   0.00000000
  40    2   0.00146032   0.00000000
  40    3  -0.00313149   0.00000000
  40    4   0.00379342   0.00000000
  40    5   0.00256232   0.00000000
  40    6  -0.00027238   0.00000000
  40    7  -0.00361225   0.00000000
  40    8   0.00091931   0.00000000
  40    9  -0.00310714   0.00000000
  40   10  -0.00041836   0.00000000
  40   11   0.00077177   0.00000000
  40   12   0.00494323   0.00000000
  40   13  -0.00073180   0.00000000
  40   14  -0.00302380   0.00000000
  40   15   0.00139599   0.00000000
  40   16  -0.00997158   0.00000000
  40   17   0.00159397   0.00000000
  40   18  -0.00463686   0.00000000
  40   19   0.00753153   0.00000000
  40   20   0.00300922   0.00000000
  40   21  -0.00095126   0.00000000
  40   22   0.00277403   0.00000000
  40   23   0.00013815   0.00000000
  40   24  -0.00440359   0.00000000
  40   25   0.00796063   0.00000000
  40   26   0.00832687   0.00000000
  40   27  -0.00135473   0.00000000
  40   28   0.00120319   0.00000000
  40   29   0.00965989   0.00000000
  40   30   0.00732799   0.00000000
  40   31   0.00818149   0.00000000
  40   32  -0.00177711   0.00000000
  40   33   0.00451125   0.00000000
  40   34   0.00079294   0.00000000
  40   35   0.00455929   0.00000000
  40   36  -0.00288435   0.00000000
  40   37  -0.00134582   0.00000000
  40   38  -0.00222759   0.00000000
  40   39  -0.00030044   0.00000000
  40   40   0.00727765   0.00000000
