... HEADER
... INPUT : ./INPUT2/DENSITY_INPUTS/compressible_400_density_sph.085
... ./MY_OUTPUT/
l ,m , Cnm(m>=0) , Snm(m<0)
SPHCO       1       0   0.924093E+02   0.000000E+00
SPHCO       1       1   0.191058E+03  -0.140931E+03
SPHCO       2       0  -0.260106E+03   0.000000E+00
SPHCO       2       1   0.566510E+02  -0.183911E+03
SPHCO       2       2   0.262073E+03   0.349270E+03
SPHCO       3       0   0.212510E+03   0.000000E+00
SPHCO       3       1   0.109641E+03  -0.115122E+03
SPHCO       3       2   0.384900E+01  -0.263297E+03
SPHCO       3       3  -0.706258E+02   0.706847E+02
SPHCO       4       0  -0.199326E+03   0.000000E+00
SPHCO       4       1   0.149929E+03  -0.217456E+02
SPHCO       4       2   0.411580E+02  -0.866808E+02
SPHCO       4       3   0.167165E+03   0.278331E+02
SPHCO       4       4   0.354907E+02   0.401824E+02
SPHCO       5       0  -0.525852E+02   0.000000E+00
SPHCO       5       1  -0.336779E+02   0.283343E+02
SPHCO       5       2   0.116023E+02  -0.158849E+03
SPHCO       5       3   0.317390E+03  -0.322962E+02
SPHCO       5       4  -0.140507E+02  -0.798942E+02
SPHCO       5       5  -0.134505E+03  -0.165518E+03
SPHCO       6       0  -0.148878E+03   0.000000E+00
SPHCO       6       1   0.167402E+03   0.884006E+02
SPHCO       6       2   0.843587E+02  -0.665179E+02
SPHCO       6       3   0.128347E+03  -0.119510E+03
SPHCO       6       4   0.276979E+02  -0.266353E+02
SPHCO       6       5  -0.134487E+03  -0.350632E+02
SPHCO       6       6  -0.173274E+03  -0.135006E+03
SPHCO       7       0  -0.141421E+02   0.000000E+00
SPHCO       7       1   0.341260E+02  -0.750313E+02
SPHCO       7       2  -0.374033E+02  -0.373256E+02
SPHCO       7       3   0.153618E+02  -0.104164E+03
SPHCO       7       4  -0.181255E+03   0.533781E+02
SPHCO       7       5  -0.148814E+03  -0.788700E+01
SPHCO       7       6   0.528353E+02   0.180625E+01
SPHCO       7       7   0.205634E+01   0.819310E+02
SPHCO       8       0  -0.164205E+03   0.000000E+00
SPHCO       8       1   0.266906E+02   0.247403E+02
SPHCO       8       2   0.668918E+02   0.107137E+02
SPHCO       8       3   0.226722E+02  -0.478996E+02
SPHCO       8       4   0.333470E+02  -0.607370E+02
SPHCO       8       5  -0.153411E+03   0.798701E+02
SPHCO       8       6   0.130071E+01   0.332979E+00
SPHCO       8       7   0.415781E+02  -0.624663E+02
SPHCO       8       8  -0.197165E+02   0.243839E+02
SPHCO       9       0   0.500988E+02   0.000000E+00
SPHCO       9       1   0.159450E+02   0.323365E+02
SPHCO       9       2   0.742168E+02   0.411573E+02
SPHCO       9       3  -0.121912E+03  -0.880215E+02
SPHCO       9       4   0.635402E+01   0.252684E+02
SPHCO       9       5   0.554931E+02   0.359859E+02
SPHCO       9       6   0.181078E+03   0.871039E+02
SPHCO       9       7   0.280491E+02  -0.374234E+02
SPHCO       9       8  -0.121333E+03  -0.346334E+02
SPHCO       9       9   0.114516E+03  -0.543493E+02
SPHCO      10       0   0.399274E+02   0.000000E+00
SPHCO      10       1  -0.541282E+02   0.181928E+02
SPHCO      10       2   0.764114E+02   0.632355E+01
SPHCO      10       3  -0.471680E+02  -0.994111E+02
SPHCO      10       4  -0.401568E+02  -0.776136E+01
SPHCO      10       5  -0.314915E+02  -0.121479E+02
SPHCO      10       6  -0.497670E+01  -0.299396E+02
SPHCO      10       7  -0.484682E+02   0.586793E+02
SPHCO      10       8  -0.114848E+03   0.515156E+02
SPHCO      10       9   0.111724E+03   0.373838E+02
SPHCO      10      10   0.143510E+03   0.228358E+02
SPHCO      11       0  -0.879746E+02   0.000000E+00
SPHCO      11       1  -0.341819E+02   0.112348E+03
SPHCO      11       2  -0.948671E+01  -0.763154E+02
SPHCO      11       3   0.747488E+02   0.762324E+01
SPHCO      11       4  -0.198647E+02   0.369622E+02
SPHCO      11       5   0.132234E+03   0.212060E+02
SPHCO      11       6  -0.601391E+02  -0.173965E+02
SPHCO      11       7   0.290513E+02  -0.621113E+02
SPHCO      11       8  -0.311477E+02  -0.139145E+02
SPHCO      11       9   0.526457E+02   0.562703E+02
SPHCO      11      10   0.561289E+02   0.132854E+03
SPHCO      11      11  -0.322281E+02   0.809083E+02
SPHCO      12       0   0.543607E+00   0.000000E+00
SPHCO      12       1  -0.263720E+02   0.296718E+02
SPHCO      12       2  -0.271104E+02   0.531603E+02
SPHCO      12       3   0.283394E+02   0.119655E+03
SPHCO      12       4   0.404888E+02  -0.138616E+01
SPHCO      12       5   0.814945E+02  -0.104735E+03
SPHCO      12       6   0.575568E+02  -0.857800E+02
SPHCO      12       7  -0.502712E+02   0.544033E+02
SPHCO      12       8  -0.645974E+02   0.343250E+02
SPHCO      12       9  -0.702826E+02   0.592925E+01
SPHCO      12      10   0.717812E+02   0.297002E+02
SPHCO      12      11   0.417994E+01   0.117722E+03
SPHCO      12      12  -0.210408E+02   0.107699E+02
SPHCO      13       0   0.265102E+02   0.000000E+00
SPHCO      13       1  -0.117395E+02  -0.202522E+02
SPHCO      13       2  -0.566050E+02  -0.250334E+01
SPHCO      13       3   0.559424E+02   0.535526E+02
SPHCO      13       4  -0.374130E+02   0.344422E+02
SPHCO      13       5   0.636376E+02   0.652003E+01
SPHCO      13       6   0.226659E+02  -0.474667E+02
SPHCO      13       7   0.601659E+02  -0.311302E+01
SPHCO      13       8  -0.944358E+01   0.638925E+02
SPHCO      13       9   0.112152E+02  -0.857392E+00
SPHCO      13      10   0.508161E+02  -0.756306E+02
SPHCO      13      11  -0.432189E+02  -0.280680E+02
SPHCO      13      12  -0.130154E+03   0.102443E+03
SPHCO      13      13  -0.348067E+00   0.809101E+02
SPHCO      14       0   0.165793E+02   0.000000E+00
SPHCO      14       1  -0.102709E+03  -0.717399E+01
SPHCO      14       2  -0.175419E+02  -0.358241E+02
SPHCO      14       3   0.951507E+02   0.298137E+02
SPHCO      14       4   0.107838E+03  -0.557762E+02
SPHCO      14       5   0.423994E+02   0.154260E+02
SPHCO      14       6  -0.700405E+02  -0.943376E+01
SPHCO      14       7  -0.232599E+01   0.589490E+01
SPHCO      14       8  -0.119924E+02   0.934584E+02
SPHCO      14       9  -0.160851E+02   0.488811E+02
SPHCO      14      10   0.704730E+02  -0.464811E+02
SPHCO      14      11   0.378385E+02  -0.104522E+03
SPHCO      14      12  -0.856278E+02   0.287328E+02
SPHCO      14      13  -0.206926E+02   0.374525E+02
SPHCO      14      14  -0.694785E+02   0.551368E+01
SPHCO      15       0   0.485288E+02   0.000000E+00
SPHCO      15       1   0.379544E+02  -0.612116E+01
SPHCO      15       2   0.587774E+02  -0.440804E+02
SPHCO      15       3   0.709606E+02   0.851815E+02
SPHCO      15       4   0.107202E+02   0.328316E+02
SPHCO      15       5   0.865474E+01  -0.642961E+02
SPHCO      15       6   0.781096E+01  -0.298345E+02
SPHCO      15       7  -0.463019E+02   0.598790E+02
SPHCO      15       8   0.101401E+02   0.748647E+02
SPHCO      15       9  -0.315919E+02   0.706966E+02
SPHCO      15      10   0.607178E+01  -0.757505E+02
SPHCO      15      11  -0.691261E+01  -0.824839E+02
SPHCO      15      12   0.143411E+02  -0.181277E+01
SPHCO      15      13  -0.234179E+02   0.272215E+02
SPHCO      15      14   0.328252E+02   0.415647E+02
SPHCO      15      15  -0.689959E+02  -0.633651E+01
SPHCO      16       0   0.430004E+02   0.000000E+00
SPHCO      16       1   0.639689E+02  -0.398346E+02
SPHCO      16       2  -0.265514E+02  -0.828949E+02
SPHCO      16       3   0.770141E+01   0.328766E+02
SPHCO      16       4   0.801471E+02   0.826576E+02
SPHCO      16       5   0.108752E+02  -0.857649E+02
SPHCO      16       6   0.294995E+01  -0.876377E+02
SPHCO      16       7  -0.679582E+02  -0.640297E+02
SPHCO      16       8  -0.276353E+02  -0.902682E+01
SPHCO      16       9  -0.184799E+01  -0.445967E+02
SPHCO      16      10  -0.278581E+02  -0.224404E+01
SPHCO      16      11   0.405268E+02   0.296357E+02
SPHCO      16      12   0.802511E+02   0.752579E+00
SPHCO      16      13   0.193288E+01   0.139917E+02
SPHCO      16      14  -0.146444E+01  -0.245900E+02
SPHCO      16      15   0.954407E+01   0.540586E+00
SPHCO      16      16  -0.371323E+02  -0.228902E+02
SPHCO      17       0   0.110293E+02   0.000000E+00
SPHCO      17       1   0.420829E+01  -0.177789E+02
SPHCO      17       2  -0.511431E+02   0.532376E+02
SPHCO      17       3   0.672858E+02  -0.653890E+01
SPHCO      17       4   0.350082E+02   0.496551E+02
SPHCO      17       5   0.435662E+02  -0.322402E+02
SPHCO      17       6  -0.498349E+02  -0.599643E+02
SPHCO      17       7  -0.684369E+01  -0.357858E+02
SPHCO      17       8  -0.277052E+01  -0.620029E+02
SPHCO      17       9  -0.283181E+02  -0.339174E+02
SPHCO      17      10  -0.363577E+02  -0.442551E+02
SPHCO      17      11   0.387814E+01   0.306374E+02
SPHCO      17      12   0.538185E+02   0.206716E+02
SPHCO      17      13   0.737887E+02   0.752046E+01
SPHCO      17      14   0.799083E+00  -0.340948E+02
SPHCO      17      15   0.350133E+02  -0.603026E+02
SPHCO      17      16   0.304430E+02  -0.616707E+02
SPHCO      17      17  -0.473631E+02   0.245135E+02
SPHCO      18       0   0.154272E+02   0.000000E+00
SPHCO      18       1  -0.138996E+01   0.303038E+01
SPHCO      18       2  -0.305793E+02  -0.167742E+02
SPHCO      18       3  -0.150239E+00   0.173866E+02
SPHCO      18       4   0.618920E+02   0.354795E+02
SPHCO      18       5   0.730667E+02  -0.749416E+01
SPHCO      18       6  -0.221151E+01  -0.329288E+02
SPHCO      18       7  -0.519318E+02  -0.278321E+02
SPHCO      18       8   0.724408E+02  -0.126892E+02
SPHCO      18       9  -0.109559E+02  -0.114278E+02
SPHCO      18      10   0.244191E+02  -0.792206E+02
SPHCO      18      11   0.230801E+02  -0.831868E+01
SPHCO      18      12  -0.731407E+01   0.661247E+02
SPHCO      18      13  -0.155030E+02   0.295472E+00
SPHCO      18      14  -0.192873E+02  -0.294658E+02
SPHCO      18      15  -0.742779E+02  -0.873058E+00
SPHCO      18      16  -0.149788E+02   0.107714E+02
SPHCO      18      17   0.590792E+02  -0.260177E+02
SPHCO      18      18  -0.258383E+02  -0.207364E+02
SPHCO      19       0  -0.762512E+02   0.000000E+00
SPHCO      19       1  -0.712153E+00   0.545448E+02
SPHCO      19       2   0.261355E+02  -0.278050E+02
SPHCO      19       3  -0.484018E+02  -0.266473E+02
SPHCO      19       4   0.516290E+02   0.489378E+02
SPHCO      19       5   0.174901E+02  -0.230598E+02
SPHCO      19       6   0.461982E+01   0.221364E+02
SPHCO      19       7  -0.250991E+02  -0.177421E+01
SPHCO      19       8   0.210838E+02  -0.509494E+02
SPHCO      19       9   0.153851E+01   0.419860E+01
SPHCO      19      10  -0.832004E+02   0.574837E+02
SPHCO      19      11   0.658052E+02   0.418737E+02
SPHCO      19      12  -0.998468E+01   0.512466E+02
SPHCO      19      13  -0.113350E+01  -0.546481E+02
SPHCO      19      14  -0.528298E+02  -0.109641E+02
SPHCO      19      15  -0.577282E+02   0.366941E+02
SPHCO      19      16   0.257546E+00   0.221484E+02
SPHCO      19      17   0.651479E+01  -0.250162E+02
SPHCO      19      18  -0.174692E+01   0.283981E+01
SPHCO      19      19   0.583650E+02   0.233259E+01
SPHCO      20       0  -0.435479E+01   0.000000E+00
SPHCO      20       1   0.398352E+02  -0.774035E+01
SPHCO      20       2   0.237870E+02   0.557361E+02
SPHCO      20       3  -0.125085E+02  -0.181029E+01
SPHCO      20       4  -0.839373E+01  -0.675714E+01
SPHCO      20       5  -0.112284E+02  -0.277410E+02
SPHCO      20       6   0.439591E+02  -0.242742E+02
SPHCO      20       7  -0.105950E+01  -0.382288E+00
SPHCO      20       8  -0.635783E+02  -0.741352E+01
SPHCO      20       9   0.598955E+02   0.398513E+01
SPHCO      20      10  -0.125659E+02   0.269253E+02
SPHCO      20      11  -0.475511E+02   0.708778E+01
SPHCO      20      12  -0.125634E+02   0.159470E+02
SPHCO      20      13   0.204819E+02   0.379194E+02
SPHCO      20      14  -0.167216E+02  -0.124849E+02
SPHCO      20      15  -0.119335E+02   0.145773E+02
SPHCO      20      16   0.490823E+01  -0.360768E+01
SPHCO      20      17   0.247174E+02   0.376970E+01
SPHCO      20      18   0.157317E+02   0.143589E+02
SPHCO      20      19  -0.100688E+02  -0.430879E+02
SPHCO      20      20   0.220858E+02  -0.140107E+01
SPHCO      21       0  -0.937754E+01   0.000000E+00
SPHCO      21       1   0.716525E+01  -0.387175E+02
SPHCO      21       2   0.136750E+02   0.386353E+02
SPHCO      21       3   0.192597E+02   0.213129E+02
SPHCO      21       4   0.512266E+02  -0.216393E+01
SPHCO      21       5   0.246836E+02  -0.117918E+02
SPHCO      21       6  -0.867491E+00  -0.442398E+02
SPHCO      21       7  -0.808573E+01  -0.223476E+02
SPHCO      21       8  -0.590746E+02  -0.200066E+02
SPHCO      21       9   0.343933E+02   0.204897E+02
SPHCO      21      10   0.122133E+02   0.809497E+01
SPHCO      21      11   0.633444E+01  -0.164769E+01
SPHCO      21      12  -0.394861E+02   0.209338E+02
SPHCO      21      13  -0.141509E+02   0.586379E+02
SPHCO      21      14   0.629503E+02   0.343832E+02
SPHCO      21      15   0.169786E+02  -0.214680E+01
SPHCO      21      16   0.506585E+02  -0.159940E+02
SPHCO      21      17  -0.257638E+02  -0.466739E+01
SPHCO      21      18   0.523014E+02  -0.786729E+02
SPHCO      21      19  -0.143071E+02  -0.167251E+02
SPHCO      21      20   0.135241E+02   0.496554E+02
SPHCO      21      21   0.213923E+02  -0.608084E+01
SPHCO      22       0  -0.333066E+02   0.000000E+00
SPHCO      22       1  -0.386275E+02  -0.798986E+01
SPHCO      22       2  -0.496791E+02  -0.219008E+02
SPHCO      22       3   0.134316E+02  -0.340236E+02
SPHCO      22       4  -0.389756E+02   0.271153E+02
SPHCO      22       5   0.451963E+02  -0.103912E+02
SPHCO      22       6   0.224448E+02  -0.242565E+01
SPHCO      22       7   0.396836E+02  -0.317550E+02
SPHCO      22       8  -0.150776E+02  -0.230295E+02
SPHCO      22       9  -0.283118E+01   0.720210E+01
SPHCO      22      10   0.219657E+02   0.381369E+02
SPHCO      22      11   0.108157E+02   0.367347E+02
SPHCO      22      12  -0.337376E+02   0.164596E+02
SPHCO      22      13  -0.174458E+02   0.154383E+02
SPHCO      22      14  -0.101752E+02   0.598816E+02
SPHCO      22      15   0.769493E+02   0.458857E+02
SPHCO      22      16  -0.101950E+02  -0.503285E+02
SPHCO      22      17   0.278099E+02  -0.254347E+02
SPHCO      22      18  -0.832267E+00  -0.590827E+02
SPHCO      22      19   0.203658E+02   0.684332E+01
SPHCO      22      20   0.894680E+00   0.238592E+02
SPHCO      22      21  -0.276927E+02   0.720689E+02
SPHCO      22      22  -0.518873E+02   0.199261E+02
SPHCO      23       0  -0.552474E+02   0.000000E+00
SPHCO      23       1  -0.382936E+02   0.205354E+02
SPHCO      23       2  -0.277053E+02  -0.294176E+02
SPHCO      23       3  -0.263788E+02   0.295925E+01
SPHCO      23       4   0.174565E+02  -0.155086E+02
SPHCO      23       5   0.611148E+01  -0.246078E+02
SPHCO      23       6   0.286448E+01   0.498810E+01
SPHCO      23       7  -0.225215E+02   0.177430E+02
SPHCO      23       8   0.220384E+02   0.172059E+02
SPHCO      23       9   0.253728E+02   0.173935E+02
SPHCO      23      10   0.395947E+02   0.120725E+02
SPHCO      23      11   0.163932E+02   0.801643E+02
SPHCO      23      12  -0.118989E+02  -0.121660E+02
SPHCO      23      13  -0.645291E+02   0.376613E+02
SPHCO      23      14   0.159469E+02  -0.147816E+02
SPHCO      23      15   0.218152E+02  -0.669950E+01
SPHCO      23      16   0.274945E+02  -0.987966E+01
SPHCO      23      17  -0.122039E+02  -0.676271E+02
SPHCO      23      18  -0.372809E+02  -0.208171E+02
SPHCO      23      19   0.372589E+02   0.184247E+02
SPHCO      23      20  -0.271797E+02   0.536034E+02
SPHCO      23      21  -0.130962E+02  -0.169488E+02
SPHCO      23      22  -0.359946E+02   0.112076E+01
SPHCO      23      23  -0.123288E+02  -0.597670E+01
SPHCO      24       0  -0.262315E+02   0.000000E+00
SPHCO      24       1  -0.262819E+02   0.560452E+02
SPHCO      24       2   0.214520E+02   0.113021E+02
SPHCO      24       3   0.123319E+02   0.238265E+02
SPHCO      24       4   0.217532E+02   0.204302E+02
SPHCO      24       5   0.331474E+02  -0.243732E+02
SPHCO      24       6   0.609785E+02  -0.458923E+01
SPHCO      24       7  -0.156646E+02  -0.195368E+02
SPHCO      24       8   0.379960E+02  -0.329174E+01
SPHCO      24       9  -0.187438E+02   0.127226E+02
SPHCO      24      10  -0.237910E+02   0.416804E+02
SPHCO      24      11   0.363990E+02   0.737004E+01
SPHCO      24      12   0.592767E+02  -0.356165E+02
SPHCO      24      13  -0.885166E+01  -0.304663E+02
SPHCO      24      14  -0.637251E+02   0.232839E+02
SPHCO      24      15   0.397319E+00  -0.294860E+02
SPHCO      24      16   0.265472E+01   0.485864E+01
SPHCO      24      17  -0.121414E+02  -0.112001E+02
SPHCO      24      18  -0.416287E+02  -0.266407E+02
SPHCO      24      19  -0.290511E+02  -0.284697E+02
SPHCO      24      20  -0.290775E+02   0.381855E+02
SPHCO      24      21   0.201472E+01   0.514159E+01
SPHCO      24      22   0.300124E+02  -0.127230E+02
SPHCO      24      23  -0.133625E+02   0.261708E+02
SPHCO      24      24   0.140213E+02  -0.211838E+02
SPHCO      25       0   0.186036E+02   0.000000E+00
SPHCO      25       1   0.408828E+01   0.501751E+00
SPHCO      25       2  -0.181011E+02   0.331575E+02
SPHCO      25       3  -0.668562E+02  -0.504579E+01
SPHCO      25       4   0.435507E+01   0.408661E+01
SPHCO      25       5  -0.208424E+02  -0.204465E+02
SPHCO      25       6   0.727175E+01  -0.518532E+01
SPHCO      25       7   0.785601E+01   0.666165E+00
SPHCO      25       8   0.513444E+01  -0.509190E+02
SPHCO      25       9  -0.618690E+02  -0.181830E+01
SPHCO      25      10   0.177343E+02  -0.228309E+01
SPHCO      25      11   0.321438E+02   0.115207E+02
SPHCO      25      12   0.308473E+02   0.101471E+02
SPHCO      25      13   0.391541E+02  -0.478278E+02
SPHCO      25      14  -0.399687E+01  -0.201658E+02
SPHCO      25      15  -0.336555E+02   0.235786E+02
SPHCO      25      16   0.417853E+00   0.102214E+02
SPHCO      25      17  -0.245032E+02  -0.121081E+01
SPHCO      25      18  -0.143158E+02  -0.160049E+02
SPHCO      25      19  -0.119726E+02  -0.406653E+02
SPHCO      25      20  -0.107780E+01  -0.240477E+01
SPHCO      25      21  -0.181182E+02   0.536728E+01
SPHCO      25      22   0.365721E+02   0.170518E+01
SPHCO      25      23   0.234781E+01  -0.592536E+02
SPHCO      25      24  -0.921872E+01   0.101542E+02
SPHCO      25      25   0.238723E+02  -0.205683E+02
SPHCO      26       0  -0.329201E+02   0.000000E+00
SPHCO      26       1   0.168089E+02   0.813142E+01
SPHCO      26       2   0.100704E+02   0.248510E+02
SPHCO      26       3  -0.245256E+02  -0.436596E+01
SPHCO      26       4   0.198147E+02   0.180007E+02
SPHCO      26       5   0.320446E+02  -0.191370E+02
SPHCO      26       6   0.204195E+02  -0.360762E+02
SPHCO      26       7  -0.111050E+02   0.932070E+01
SPHCO      26       8  -0.973919E+01  -0.286889E+02
SPHCO      26       9  -0.149934E+02  -0.228813E+02
SPHCO      26      10   0.146271E+02   0.273193E+02
SPHCO      26      11   0.655317E+00  -0.239030E+02
SPHCO      26      12  -0.132677E+02  -0.901571E+01
SPHCO      26      13  -0.803580E+01  -0.555878E+01
SPHCO      26      14   0.211162E+02   0.344555E+02
SPHCO      26      15   0.449607E+02  -0.806342E+01
SPHCO      26      16  -0.197698E+02   0.220165E+02
SPHCO      26      17  -0.200453E+02   0.286813E+02
SPHCO      26      18   0.201126E+01   0.323019E+02
SPHCO      26      19   0.663652E+01   0.297470E+01
SPHCO      26      20   0.393570E+02  -0.706655E+02
SPHCO      26      21  -0.189216E+02   0.397536E+02
SPHCO      26      22  -0.188786E+02   0.152079E+02
SPHCO      26      23  -0.831658E+01   0.275474E+02
SPHCO      26      24   0.529001E+02  -0.161753E+01
SPHCO      26      25   0.262536E+02  -0.164693E+02
SPHCO      26      26   0.155821E+01   0.288252E+00
SPHCO      27       0  -0.958775E+01   0.000000E+00
SPHCO      27       1   0.534746E+01  -0.278449E+02
SPHCO      27       2  -0.445303E+01  -0.108587E+02
SPHCO      27       3   0.146868E+01   0.119958E+02
SPHCO      27       4  -0.164429E+02   0.471852E+02
SPHCO      27       5   0.646716E+02   0.365080E+01
SPHCO      27       6   0.205597E+02  -0.110991E+02
SPHCO      27       7  -0.706161E+01  -0.174046E+02
SPHCO      27       8  -0.358637E+02  -0.164784E+02
SPHCO      27       9   0.101168E+02   0.249412E+02
SPHCO      27      10   0.157096E+02   0.331729E+02
SPHCO      27      11   0.226351E+01  -0.232186E+02
SPHCO      27      12   0.852560E+01  -0.151057E+02
SPHCO      27      13  -0.278563E+01   0.372243E+02
SPHCO      27      14   0.394676E+02   0.478581E+02
SPHCO      27      15   0.226267E+02   0.325133E+02
SPHCO      27      16   0.222379E+02   0.563299E+02
SPHCO      27      17  -0.368077E+02  -0.159794E+02
SPHCO      27      18  -0.337326E+02   0.741145E+01
SPHCO      27      19   0.990762E+01  -0.291400E+02
SPHCO      27      20   0.292065E+02   0.648486E+01
SPHCO      27      21   0.589838E+01   0.201831E+01
SPHCO      27      22   0.492833E+01  -0.363309E+02
SPHCO      27      23  -0.351661E+01  -0.104706E+02
SPHCO      27      24  -0.273127E+02  -0.868468E+01
SPHCO      27      25  -0.254332E+02  -0.865452E+01
SPHCO      27      26  -0.154248E+02  -0.178269E+02
SPHCO      27      27  -0.228382E+02   0.104826E+02
SPHCO      28       0  -0.311716E+02   0.000000E+00
SPHCO      28       1  -0.715598E+01   0.426604E+01
SPHCO      28       2  -0.128314E+02  -0.335877E+02
SPHCO      28       3  -0.118226E+02  -0.192611E+01
SPHCO      28       4   0.673024E+01   0.575480E+02
SPHCO      28       5  -0.130852E+02   0.165614E+02
SPHCO      28       6  -0.162727E+02   0.206087E+02
SPHCO      28       7  -0.127148E+02   0.419420E+01
SPHCO      28       8   0.431105E+02  -0.446961E+02
SPHCO      28       9  -0.214914E+02   0.642568E+01
SPHCO      28      10  -0.459613E+02   0.335209E+02
SPHCO      28      11   0.228372E+02   0.287935E+01
SPHCO      28      12  -0.532490E+01   0.988014E+01
SPHCO      28      13   0.285209E+02  -0.146678E+02
SPHCO      28      14  -0.839118E+01  -0.261197E+02
SPHCO      28      15  -0.882167E+01   0.184783E+02
SPHCO      28      16  -0.127683E+02   0.344483E+02
SPHCO      28      17  -0.286867E+02  -0.856515E+01
SPHCO      28      18   0.243873E+02  -0.531212E+02
SPHCO      28      19  -0.357438E+02   0.245184E+02
SPHCO      28      20  -0.199708E+02   0.278266E+02
SPHCO      28      21   0.438624E+02   0.480675E+01
SPHCO      28      22   0.111477E+02  -0.136554E+01
SPHCO      28      23   0.319130E+01   0.421676E+01
SPHCO      28      24   0.664600E+01   0.252187E+02
SPHCO      28      25  -0.675932E+01   0.241631E+02
SPHCO      28      26  -0.297025E+02  -0.435997E+02
SPHCO      28      27  -0.143484E+02   0.336430E+01
SPHCO      28      28   0.221279E+02   0.208636E+02
SPHCO      29       0  -0.159040E+02   0.000000E+00
SPHCO      29       1  -0.490297E+02   0.389336E+02
SPHCO      29       2  -0.464428E+00  -0.105341E+02
SPHCO      29       3   0.218802E+02  -0.127771E+02
SPHCO      29       4  -0.925172E+00  -0.519283E+01
SPHCO      29       5  -0.682619E+01  -0.192222E+01
SPHCO      29       6  -0.115651E+02   0.862106E+01
SPHCO      29       7   0.313937E+02   0.194503E+02
SPHCO      29       8  -0.622746E+02  -0.278680E+02
SPHCO      29       9   0.310214E+02  -0.299227E+02
SPHCO      29      10   0.148699E+02  -0.108203E+02
SPHCO      29      11   0.151386E+02   0.405528E+02
SPHCO      29      12   0.315256E+02   0.104454E+02
SPHCO      29      13  -0.217497E+02  -0.136962E+02
SPHCO      29      14   0.479164E+02   0.349154E+01
SPHCO      29      15  -0.151273E+02  -0.543178E+02
SPHCO      29      16  -0.130600E+02   0.178316E+02
SPHCO      29      17  -0.619673E+02  -0.118131E+02
SPHCO      29      18   0.213092E+02  -0.105642E+02
SPHCO      29      19  -0.383693E+01   0.125434E+02
SPHCO      29      20  -0.425005E+02  -0.409850E+01
SPHCO      29      21  -0.284837E+02   0.296756E+02
SPHCO      29      22  -0.181847E+02   0.129847E+02
SPHCO      29      23   0.125894E+02   0.144599E+02
SPHCO      29      24  -0.528696E+01  -0.396832E+02
SPHCO      29      25   0.119316E+02  -0.345398E+01
SPHCO      29      26  -0.781627E+01  -0.160055E+02
SPHCO      29      27  -0.231537E+02   0.160701E+02
SPHCO      29      28   0.447515E+02  -0.580340E+01
SPHCO      29      29   0.244598E+02   0.221841E+02
SPHCO      30       0   0.167962E+02   0.000000E+00
SPHCO      30       1  -0.278118E+01   0.193551E+02
SPHCO      30       2  -0.223837E+02  -0.465056E+01
SPHCO      30       3   0.551762E+01   0.460017E+02
SPHCO      30       4   0.450100E+01  -0.157328E+02
SPHCO      30       5  -0.248339E+02  -0.305962E+02
SPHCO      30       6  -0.298667E+02   0.258801E+02
SPHCO      30       7   0.343501E+01  -0.511936E+01
SPHCO      30       8   0.297564E+00   0.794781E+01
SPHCO      30       9  -0.336269E+01   0.310875E+02
SPHCO      30      10   0.766684E+01   0.657771E+01
SPHCO      30      11  -0.462406E+01   0.494236E+02
SPHCO      30      12   0.228578E+02  -0.334848E+01
SPHCO      30      13  -0.334101E+02   0.775648E+01
SPHCO      30      14   0.456187E+02   0.130721E+02
SPHCO      30      15  -0.163864E+01   0.164066E+02
SPHCO      30      16   0.176310E+01  -0.239230E+02
SPHCO      30      17  -0.495855E+02  -0.208397E+02
SPHCO      30      18  -0.148294E+02  -0.640404E+01
SPHCO      30      19  -0.749112E+01   0.184019E+02
SPHCO      30      20   0.116655E+02   0.428491E+02
SPHCO      30      21  -0.287837E+01  -0.260428E+02
SPHCO      30      22  -0.864901E+01   0.151286E+01
SPHCO      30      23  -0.107275E+02   0.229148E+02
SPHCO      30      24   0.402564E+00  -0.467967E+02
SPHCO      30      25  -0.329764E+00  -0.764659E+01
SPHCO      30      26  -0.287038E+02  -0.422577E+01
SPHCO      30      27   0.923205E+01   0.159293E+01
SPHCO      30      28  -0.815737E+01   0.252313E+02
SPHCO      30      29   0.484851E+00   0.323635E+02
SPHCO      30      30  -0.182251E+02  -0.912334E+01
SPHCO      31       0   0.813712E+01   0.000000E+00
SPHCO      31       1   0.802476E+01  -0.300109E+02
SPHCO      31       2   0.578710E+01  -0.206359E+02
SPHCO      31       3   0.315688E+02   0.406392E+02
SPHCO      31       4   0.288872E+02  -0.574001E+01
SPHCO      31       5   0.206531E+02  -0.104013E+02
SPHCO      31       6   0.649036E+01  -0.278034E+01
SPHCO      31       7  -0.114707E+02   0.633464E+01
SPHCO      31       8  -0.480510E+02   0.267713E+02
SPHCO      31       9   0.287840E+02   0.982030E+01
SPHCO      31      10  -0.990463E+01   0.450667E+02
SPHCO      31      11   0.191519E+02   0.584258E+02
SPHCO      31      12   0.105201E+02   0.326550E+02
SPHCO      31      13  -0.135078E+02   0.283907E+02
SPHCO      31      14  -0.119003E+02   0.195720E+02
SPHCO      31      15   0.210021E+02   0.121934E+02
SPHCO      31      16  -0.251636E+02  -0.404813E+01
SPHCO      31      17  -0.313216E+01   0.849087E+01
SPHCO      31      18  -0.248606E+02  -0.166571E+02
SPHCO      31      19  -0.643629E+01   0.240617E+02
SPHCO      31      20   0.230744E+02  -0.205922E+02
SPHCO      31      21   0.320743E+02   0.812393E+01
SPHCO      31      22   0.487937E+01  -0.379195E+02
SPHCO      31      23   0.602058E+01   0.115893E+01
SPHCO      31      24   0.204223E+02  -0.242966E+02
SPHCO      31      25   0.688542E+01  -0.242129E+02
SPHCO      31      26  -0.217897E+01  -0.638273E+01
SPHCO      31      27  -0.231291E+02  -0.848510E+01
SPHCO      31      28   0.236487E+02   0.872083E+00
SPHCO      31      29   0.101061E+02  -0.350990E+02
SPHCO      31      30  -0.372631E+02  -0.141203E+01
SPHCO      31      31   0.356724E+02   0.191530E+02
SPHCO      32       0  -0.201975E+02   0.000000E+00
SPHCO      32       1   0.287329E+00  -0.340218E+02
SPHCO      32       2  -0.252828E+01  -0.169540E+02
SPHCO      32       3  -0.194460E+02  -0.491839E+01
SPHCO      32       4   0.845421E+01   0.156314E+02
SPHCO      32       5   0.254231E+02  -0.178639E+02
SPHCO      32       6  -0.100613E+02  -0.606941E+01
SPHCO      32       7   0.180753E+01   0.785009E+01
SPHCO      32       8  -0.196373E+02   0.391376E+00
SPHCO      32       9  -0.261735E+02   0.281070E+02
SPHCO      32      10  -0.476644E+02  -0.139567E+02
SPHCO      32      11   0.598271E+00   0.944244E+01
SPHCO      32      12  -0.250362E+02   0.211054E+02
SPHCO      32      13  -0.242340E+02   0.289367E+01
SPHCO      32      14  -0.350469E+02  -0.143926E+02
SPHCO      32      15   0.173552E+02   0.327380E+02
SPHCO      32      16   0.416966E+02  -0.265272E+02
SPHCO      32      17  -0.167140E+02   0.998783E+00
SPHCO      32      18   0.706592E+02  -0.321210E+02
SPHCO      32      19  -0.131023E+02  -0.680691E+01
SPHCO      32      20  -0.147070E+02  -0.612979E+01
SPHCO      32      21   0.262396E+02   0.239750E+02
SPHCO      32      22  -0.394283E+00   0.165832E+02
SPHCO      32      23  -0.449122E+01  -0.224653E+02
SPHCO      32      24  -0.186637E+02  -0.395489E+02
SPHCO      32      25  -0.303895E+02   0.707101E+01
SPHCO      32      26   0.874090E+01   0.195269E+02
SPHCO      32      27  -0.217571E+00  -0.900818E+00
SPHCO      32      28  -0.424639E+00  -0.138686E+01
SPHCO      32      29   0.152595E+02  -0.212872E+02
SPHCO      32      30  -0.980108E+01  -0.505262E+01
SPHCO      32      31  -0.645587E+01  -0.916245E+01
SPHCO      32      32  -0.281440E+02   0.173835E+02
SPHCO      33       0  -0.277204E+02   0.000000E+00
SPHCO      33       1   0.697866E+01   0.407053E+02
SPHCO      33       2  -0.384432E+02  -0.139645E+02
SPHCO      33       3  -0.752861E+01   0.166965E+02
SPHCO      33       4  -0.136103E+02   0.345534E+02
SPHCO      33       5   0.476273E+01  -0.312406E+02
SPHCO      33       6  -0.966802E+01  -0.153754E+01
SPHCO      33       7  -0.161646E+02  -0.335855E+01
SPHCO      33       8   0.718131E+01  -0.229710E+02
SPHCO      33       9  -0.297276E+02  -0.165617E+02
SPHCO      33      10  -0.371508E+02   0.321414E+02
SPHCO      33      11   0.101781E+02   0.134830E+02
SPHCO      33      12  -0.158419E+02   0.185989E+01
SPHCO      33      13   0.924613E+01   0.547811E+01
SPHCO      33      14   0.128676E+02  -0.533599E+01
SPHCO      33      15   0.314899E+01  -0.313606E+02
SPHCO      33      16   0.172389E+02   0.197015E+01
SPHCO      33      17  -0.110102E+01   0.354736E+02
SPHCO      33      18   0.174103E+02  -0.448068E+02
SPHCO      33      19   0.443610E+02  -0.122823E+02
SPHCO      33      20  -0.943103E+01  -0.334818E+02
SPHCO      33      21   0.128298E+01  -0.132579E+01
SPHCO      33      22   0.479302E+02  -0.196347E+02
SPHCO      33      23  -0.688415E+01  -0.348532E+01
SPHCO      33      24  -0.116786E+02   0.705240E+01
SPHCO      33      25  -0.166483E+02  -0.206008E+02
SPHCO      33      26  -0.267120E+02   0.293811E+02
SPHCO      33      27  -0.120567E+02  -0.252200E+02
SPHCO      33      28   0.388105E+01  -0.146980E+02
SPHCO      33      29  -0.284077E+02   0.165178E+02
SPHCO      33      30   0.850499E+01  -0.824039E+01
SPHCO      33      31  -0.286226E+02   0.136524E+02
SPHCO      33      32   0.819446E+01   0.616246E+02
SPHCO      33      33   0.140084E+02  -0.274319E+02
SPHCO      34       0  -0.525177E+02   0.000000E+00
SPHCO      34       1  -0.396281E+02  -0.155362E+02
SPHCO      34       2   0.440948E+01   0.271993E+02
SPHCO      34       3   0.334998E+01   0.409077E+02
SPHCO      34       4  -0.187676E+02   0.345760E+01
SPHCO      34       5  -0.228577E+02   0.142499E+02
SPHCO      34       6   0.529846E+01  -0.747599E+00
SPHCO      34       7   0.186025E+02  -0.506015E+01
SPHCO      34       8  -0.211907E+02  -0.130408E+02
SPHCO      34       9  -0.136011E+02   0.244243E+02
SPHCO      34      10  -0.379158E+02  -0.186698E+02
SPHCO      34      11  -0.121083E+02   0.557676E+01
SPHCO      34      12  -0.326381E+01   0.692004E+01
SPHCO      34      13   0.973797E+01   0.154564E+02
SPHCO      34      14  -0.189186E+02   0.124079E+02
SPHCO      34      15  -0.115852E+02   0.127501E+02
SPHCO      34      16   0.184968E+02  -0.314142E+02
SPHCO      34      17  -0.773510E+01  -0.206086E+02
SPHCO      34      18  -0.213457E+02   0.976702E+01
SPHCO      34      19   0.901672E+01   0.126625E+02
SPHCO      34      20   0.205039E+02  -0.415073E+02
SPHCO      34      21  -0.490451E+01  -0.715158E+01
SPHCO      34      22   0.959206E+00   0.320879E+02
SPHCO      34      23   0.217001E+02   0.137269E+02
SPHCO      34      24   0.290623E+02   0.144614E+02
SPHCO      34      25   0.255140E+02  -0.140021E+02
SPHCO      34      26   0.103412E+00  -0.661323E+01
SPHCO      34      27   0.326577E+02  -0.103225E+02
SPHCO      34      28   0.202106E+01  -0.247253E+02
SPHCO      34      29   0.713325E+01  -0.215751E+02
SPHCO      34      30  -0.180808E+02   0.122677E+01
SPHCO      34      31  -0.294224E+02   0.188672E+02
SPHCO      34      32   0.385416E+02   0.437300E+01
SPHCO      34      33   0.120232E+02  -0.214408E+02
SPHCO      34      34  -0.818602E+01  -0.230523E+02
SPHCO      35       0  -0.390852E+01   0.000000E+00
SPHCO      35       1  -0.115681E+02   0.212961E+02
SPHCO      35       2  -0.145052E+02  -0.128855E+02
SPHCO      35       3  -0.174327E+02  -0.837198E+01
SPHCO      35       4  -0.653200E+01   0.293787E+02
SPHCO      35       5   0.158531E+02  -0.123961E+02
SPHCO      35       6  -0.255831E+01   0.194034E+02
SPHCO      35       7   0.280456E+02   0.234885E+02
SPHCO      35       8   0.197943E+02   0.373346E+02
SPHCO      35       9  -0.130797E+02  -0.232747E+02
SPHCO      35      10  -0.381511E+02   0.161439E+02
SPHCO      35      11   0.407725E+01   0.250584E+02
SPHCO      35      12   0.122761E+02   0.171036E+02
SPHCO      35      13  -0.698830E+01  -0.318120E+02
SPHCO      35      14  -0.127771E+02   0.171195E+01
SPHCO      35      15  -0.372509E+02   0.386016E+02
SPHCO      35      16   0.104258E+01  -0.224290E+01
SPHCO      35      17   0.125922E+02  -0.712037E+01
SPHCO      35      18  -0.434632E+02  -0.660203E+01
SPHCO      35      19  -0.337303E+02   0.339069E+01
SPHCO      35      20  -0.149729E+02   0.838469E+01
SPHCO      35      21   0.101577E+02   0.176972E+02
SPHCO      35      22  -0.180409E+02   0.225203E+02
SPHCO      35      23  -0.335739E+02  -0.714714E+01
SPHCO      35      24   0.303686E+02   0.951925E+00
SPHCO      35      25   0.335277E+02   0.276221E+02
SPHCO      35      26  -0.328921E+00   0.355715E+02
SPHCO      35      27   0.221505E+02   0.356854E+02
SPHCO      35      28  -0.224940E+01  -0.721540E+01
SPHCO      35      29  -0.159434E+02  -0.153096E+02
SPHCO      35      30  -0.423114E+01   0.307772E+02
SPHCO      35      31  -0.268950E+02   0.718881E+01
SPHCO      35      32  -0.105640E+02  -0.164361E+02
SPHCO      35      33   0.818464E+01   0.129440E+02
SPHCO      35      34   0.684729E+01   0.248699E+02
SPHCO      35      35  -0.141783E+02  -0.296401E+02
SPHCO      36       0   0.639081E+01   0.000000E+00
SPHCO      36       1   0.541978E+01   0.387587E+02
SPHCO      36       2  -0.118997E+02  -0.597090E+02
SPHCO      36       3  -0.349305E+01  -0.340814E+02
SPHCO      36       4  -0.268990E+02   0.158855E+02
SPHCO      36       5   0.247161E+02   0.908397E+01
SPHCO      36       6  -0.103516E+02   0.815270E+01
SPHCO      36       7   0.189328E+02   0.405974E+02
SPHCO      36       8  -0.896059E+00  -0.337398E+01
SPHCO      36       9   0.151202E+02   0.209546E+01
SPHCO      36      10  -0.440019E+02  -0.365797E+02
SPHCO      36      11  -0.140073E+02  -0.133771E+02
SPHCO      36      12  -0.180653E+01  -0.127579E+02
SPHCO      36      13  -0.651435E+01  -0.197838E+02
SPHCO      36      14  -0.906648E+01  -0.600805E+01
SPHCO      36      15  -0.210273E+01   0.124493E+02
SPHCO      36      16   0.224053E+02  -0.986367E+01
SPHCO      36      17  -0.193123E+02   0.269683E+02
SPHCO      36      18  -0.349455E+01  -0.673059E+01
SPHCO      36      19  -0.156481E+02  -0.804771E+01
SPHCO      36      20  -0.415501E+01  -0.161137E+02
SPHCO      36      21  -0.127686E+02   0.457150E+02
SPHCO      36      22   0.228135E+01   0.202613E+02
SPHCO      36      23  -0.386713E+01  -0.335726E+02
SPHCO      36      24  -0.214976E+02   0.201473E+01
SPHCO      36      25   0.234072E+02   0.455977E+02
SPHCO      36      26  -0.139581E+02   0.176340E+02
SPHCO      36      27  -0.194914E+02  -0.296204E+02
SPHCO      36      28  -0.113054E+02  -0.353401E+02
SPHCO      36      29  -0.225041E+02  -0.326626E+02
SPHCO      36      30   0.187351E+02  -0.151371E+02
SPHCO      36      31  -0.165257E+01   0.364070E+02
SPHCO      36      32   0.182449E+02   0.662058E+01
SPHCO      36      33   0.336423E+02  -0.941348E+01
SPHCO      36      34  -0.237902E+01  -0.267324E+02
SPHCO      36      35  -0.130832E+02  -0.242219E+02
SPHCO      36      36   0.854506E+01  -0.335158E+02
SPHCO      37       0  -0.406870E+02   0.000000E+00
SPHCO      37       1   0.259158E+00   0.143909E+02
SPHCO      37       2  -0.133544E+02  -0.407454E+02
SPHCO      37       3   0.161036E+02  -0.108215E+02
SPHCO      37       4  -0.410029E+01   0.160181E+02
SPHCO      37       5  -0.855775E+01   0.707315E+01
SPHCO      37       6  -0.345012E+02   0.766559E+01
SPHCO      37       7   0.236727E+02   0.111261E+02
SPHCO      37       8  -0.186001E+02   0.607921E+01
SPHCO      37       9  -0.116598E+02  -0.147097E+02
SPHCO      37      10   0.317778E+02   0.134613E+01
SPHCO      37      11  -0.449401E+01  -0.121440E+02
SPHCO      37      12  -0.314476E+02  -0.954072E+01
SPHCO      37      13  -0.765494E+01   0.142063E+01
SPHCO      37      14   0.102590E+02  -0.132313E+02
SPHCO      37      15   0.314079E+02   0.202673E+02
SPHCO      37      16  -0.193469E+02   0.751582E+01
SPHCO      37      17   0.109643E+00   0.288062E+02
SPHCO      37      18  -0.273234E+02  -0.360814E+02
SPHCO      37      19  -0.449272E+01  -0.439137E+01
SPHCO      37      20   0.721982E+00  -0.175781E+02
SPHCO      37      21  -0.142419E+02  -0.205826E+02
SPHCO      37      22  -0.145277E+02  -0.780587E+01
SPHCO      37      23   0.643885E+01  -0.137096E+02
SPHCO      37      24  -0.880562E+01  -0.326809E+01
SPHCO      37      25   0.722003E+00   0.939519E+01
SPHCO      37      26  -0.254629E+02   0.118817E+02
SPHCO      37      27  -0.346834E+02  -0.376269E+01
SPHCO      37      28   0.131966E+02  -0.592212E+01
SPHCO      37      29   0.563779E+00  -0.286726E+02
SPHCO      37      30   0.178294E+02  -0.693249E+01
SPHCO      37      31  -0.272857E+01  -0.197366E+01
SPHCO      37      32  -0.803951E+01   0.362663E+02
SPHCO      37      33  -0.293329E+01   0.376929E+01
SPHCO      37      34  -0.537537E+01   0.198818E+02
SPHCO      37      35  -0.322934E+02   0.949520E+01
SPHCO      37      36  -0.248267E+01  -0.972102E+01
SPHCO      37      37   0.202628E+02  -0.236251E+02
SPHCO      38       0  -0.148712E+02   0.000000E+00
SPHCO      38       1   0.261919E+02  -0.204571E+01
SPHCO      38       2  -0.141758E+02  -0.191837E+02
SPHCO      38       3   0.919771E+01  -0.536729E+02
SPHCO      38       4  -0.230232E+02  -0.131645E+02
SPHCO      38       5   0.166709E+02  -0.109450E+01
SPHCO      38       6  -0.422004E+02   0.205370E+02
SPHCO      38       7  -0.859093E+01   0.238899E+02
SPHCO      38       8   0.328006E+02   0.141102E+02
SPHCO      38       9  -0.216868E+02  -0.107597E+01
SPHCO      38      10   0.194301E+02  -0.246593E+02
SPHCO      38      11   0.182684E+02   0.202521E+02
SPHCO      38      12  -0.555227E+01  -0.228105E+01
SPHCO      38      13  -0.233749E+02  -0.162025E+02
SPHCO      38      14  -0.198998E+02  -0.852307E+01
SPHCO      38      15  -0.544545E+01  -0.177716E+02
SPHCO      38      16  -0.194923E+02   0.553861E+01
SPHCO      38      17  -0.156093E+01   0.453048E+02
SPHCO      38      18   0.203376E+02  -0.532969E+01
SPHCO      38      19   0.117992E+02  -0.262451E+02
SPHCO      38      20  -0.166014E+02  -0.348774E+02
SPHCO      38      21  -0.514568E+01  -0.359432E+02
SPHCO      38      22   0.276102E+01  -0.199783E+02
SPHCO      38      23   0.301578E+02   0.618460E+01
SPHCO      38      24  -0.116417E+02  -0.341111E+01
SPHCO      38      25   0.860373E+01  -0.125377E+02
SPHCO      38      26  -0.230612E+02   0.255116E+02
SPHCO      38      27  -0.325677E+02   0.208273E+02
SPHCO      38      28   0.273842E+01  -0.942931E+01
SPHCO      38      29  -0.944740E+01  -0.776076E+01
SPHCO      38      30  -0.184919E+02  -0.943097E+01
SPHCO      38      31  -0.253015E+02   0.120144E+02
SPHCO      38      32  -0.182914E+02  -0.201332E+02
SPHCO      38      33  -0.210995E+02   0.311345E+02
SPHCO      38      34  -0.168832E+02   0.228286E+02
SPHCO      38      35  -0.827147E+01  -0.213822E+01
SPHCO      38      36  -0.224214E+02  -0.266846E+01
SPHCO      38      37   0.976714E+01  -0.828788E+01
SPHCO      38      38   0.316580E+01   0.306394E+01
SPHCO      39       0  -0.283878E+02   0.000000E+00
SPHCO      39       1  -0.114478E+02   0.147306E+02
SPHCO      39       2   0.903300E+01  -0.249263E+02
SPHCO      39       3   0.200012E+00  -0.189562E+02
SPHCO      39       4   0.192038E+02   0.310284E+02
SPHCO      39       5   0.229985E+02  -0.388248E+01
SPHCO      39       6  -0.127566E+02   0.402540E+02
SPHCO      39       7   0.176761E+01  -0.172787E+02
SPHCO      39       8   0.281649E+01   0.327872E+02
SPHCO      39       9   0.145629E-02   0.199500E+02
SPHCO      39      10   0.870392E+01  -0.273723E+02
SPHCO      39      11   0.155995E+02   0.348806E+02
SPHCO      39      12  -0.320761E+02  -0.541186E+01
SPHCO      39      13  -0.376993E+02   0.919139E+01
SPHCO      39      14  -0.109645E+02   0.202654E+01
SPHCO      39      15   0.164050E+02  -0.279143E+02
SPHCO      39      16  -0.248822E+01  -0.242277E+02
SPHCO      39      17   0.954352E-01   0.709160E+01
SPHCO      39      18  -0.208758E+02   0.650103E+01
SPHCO      39      19   0.181360E+02   0.308344E+02
SPHCO      39      20   0.183083E+02  -0.314502E+01
SPHCO      39      21   0.110737E+02  -0.369384E+02
SPHCO      39      22  -0.183285E+02  -0.168241E+02
SPHCO      39      23  -0.386219E+01  -0.117932E+02
SPHCO      39      24  -0.311464E+02  -0.945042E+00
SPHCO      39      25  -0.205789E+02  -0.359599E+01
SPHCO      39      26   0.901873E+01   0.466266E+02
SPHCO      39      27  -0.101559E+02  -0.113399E+01
SPHCO      39      28  -0.639360E+01  -0.299793E+02
SPHCO      39      29  -0.179836E+01   0.235681E+02
SPHCO      39      30   0.189931E+02  -0.456487E+01
SPHCO      39      31   0.418545E+01  -0.133006E+02
SPHCO      39      32  -0.226276E+02  -0.165893E+02
SPHCO      39      33   0.236631E+01   0.589545E+01
SPHCO      39      34  -0.176369E+02  -0.788132E+01
SPHCO      39      35  -0.216201E+02   0.745664E+01
SPHCO      39      36   0.202881E+02   0.104064E+02
SPHCO      39      37   0.233534E+02   0.301035E+02
SPHCO      39      38  -0.355426E+02  -0.116713E+02
SPHCO      39      39  -0.290662E+01  -0.303550E+02
SPHCO      40       0   0.170408E+02   0.000000E+00
SPHCO      40       1  -0.120688E+02   0.284558E+01
SPHCO      40       2   0.147351E+02  -0.488993E+01
SPHCO      40       3  -0.198904E+02  -0.308861E+01
SPHCO      40       4   0.300638E+02   0.718541E-01
SPHCO      40       5   0.107957E+02  -0.281375E+02
SPHCO      40       6  -0.133525E+02   0.968949E+01
SPHCO      40       7  -0.125168E+02  -0.113697E+02
SPHCO      40       8  -0.115703E+02  -0.590952E+01
SPHCO      40       9  -0.360677E+02   0.338816E+02
SPHCO      40      10  -0.135748E+02  -0.173246E+02
SPHCO      40      11  -0.641549E+00   0.256530E+02
SPHCO      40      12   0.657214E+01   0.269553E+01
SPHCO      40      13   0.104799E+02   0.494961E+01
SPHCO      40      14  -0.542990E+01   0.124066E+02
SPHCO      40      15  -0.334742E+01   0.112072E+02
SPHCO      40      16  -0.151890E+02  -0.232616E+02
SPHCO      40      17   0.870081E+01   0.433697E+01
SPHCO      40      18  -0.153273E+02  -0.102409E+02
SPHCO      40      19   0.962328E+01   0.943446E+01
SPHCO      40      20   0.831810E+01   0.156621E+02
SPHCO      40      21  -0.603942E+01   0.111833E+02
SPHCO      40      22   0.886538E+01  -0.232363E+02
SPHCO      40      23  -0.235346E+01  -0.173842E+02
SPHCO      40      24  -0.174162E+02   0.271613E+02
SPHCO      40      25   0.384299E+02  -0.301166E+02
SPHCO      40      26   0.304025E+02   0.200627E+02
SPHCO      40      27  -0.476085E+01   0.160518E+02
SPHCO      40      28   0.985900E+01   0.291331E+01
SPHCO      40      29   0.439975E+02   0.840916E+01
SPHCO      40      30   0.271671E+02  -0.761142E+01
SPHCO      40      31   0.174308E+02  -0.860124E+01
SPHCO      40      32  -0.725447E+01   0.540927E+01
SPHCO      40      33   0.191565E+02   0.126258E+02
SPHCO      40      34   0.312002E+01   0.203605E+02
SPHCO      40      35   0.947349E+01  -0.447413E+01
SPHCO      40      36  -0.102577E+02   0.356364E+01
SPHCO      40      37   0.132215E+02   0.255725E+01
SPHCO      40      38  -0.156009E+02   0.414427E+02
SPHCO      40      39  -0.909552E+01  -0.269432E+02
SPHCO      40      40   0.363341E+02  -0.884837E+01
SPHCO      41       0   0.000000E+00   0.000000E+00
SPHCO      41       1   0.000000E+00   0.000000E+00
SPHCO      41       2   0.000000E+00   0.000000E+00
SPHCO      41       3   0.000000E+00   0.000000E+00
SPHCO      41       4   0.000000E+00   0.000000E+00
SPHCO      41       5   0.000000E+00   0.000000E+00
SPHCO      41       6   0.000000E+00   0.000000E+00
SPHCO      41       7   0.000000E+00   0.000000E+00
SPHCO      41       8   0.000000E+00   0.000000E+00
SPHCO      41       9   0.000000E+00   0.000000E+00
SPHCO      41      10   0.000000E+00   0.000000E+00
SPHCO      41      11   0.000000E+00   0.000000E+00
SPHCO      41      12   0.000000E+00   0.000000E+00
SPHCO      41      13   0.000000E+00   0.000000E+00
SPHCO      41      14   0.000000E+00   0.000000E+00
SPHCO      41      15   0.000000E+00   0.000000E+00
SPHCO      41      16   0.000000E+00   0.000000E+00
SPHCO      41      17   0.000000E+00   0.000000E+00
SPHCO      41      18   0.000000E+00   0.000000E+00
SPHCO      41      19   0.000000E+00   0.000000E+00
SPHCO      41      20   0.000000E+00   0.000000E+00
SPHCO      41      21   0.000000E+00   0.000000E+00
SPHCO      41      22   0.000000E+00   0.000000E+00
SPHCO      41      23   0.000000E+00   0.000000E+00
SPHCO      41      24   0.000000E+00   0.000000E+00
SPHCO      41      25   0.000000E+00   0.000000E+00
SPHCO      41      26   0.000000E+00   0.000000E+00
SPHCO      41      27   0.000000E+00   0.000000E+00
SPHCO      41      28   0.000000E+00   0.000000E+00
SPHCO      41      29   0.000000E+00   0.000000E+00
SPHCO      41      30   0.000000E+00   0.000000E+00
SPHCO      41      31   0.000000E+00   0.000000E+00
SPHCO      41      32   0.000000E+00   0.000000E+00
SPHCO      41      33   0.000000E+00   0.000000E+00
SPHCO      41      34   0.000000E+00   0.000000E+00
SPHCO      41      35   0.000000E+00   0.000000E+00
SPHCO      41      36   0.000000E+00   0.000000E+00
SPHCO      41      37   0.000000E+00   0.000000E+00
SPHCO      41      38   0.000000E+00   0.000000E+00
SPHCO      41      39   0.000000E+00   0.000000E+00
SPHCO      41      40   0.000000E+00   0.000000E+00
SPHCO      41      41   0.000000E+00   0.000000E+00
SPHCO      42       0   0.000000E+00   0.000000E+00
SPHCO      42       1   0.000000E+00   0.000000E+00
SPHCO      42       2   0.000000E+00   0.000000E+00
SPHCO      42       3   0.000000E+00   0.000000E+00
SPHCO      42       4   0.000000E+00   0.000000E+00
SPHCO      42       5   0.000000E+00   0.000000E+00
SPHCO      42       6   0.000000E+00   0.000000E+00
SPHCO      42       7   0.000000E+00   0.000000E+00
SPHCO      42       8   0.000000E+00   0.000000E+00
SPHCO      42       9   0.000000E+00   0.000000E+00
SPHCO      42      10   0.000000E+00   0.000000E+00
SPHCO      42      11   0.000000E+00   0.000000E+00
SPHCO      42      12   0.000000E+00   0.000000E+00
SPHCO      42      13   0.000000E+00   0.000000E+00
SPHCO      42      14   0.000000E+00   0.000000E+00
SPHCO      42      15   0.000000E+00   0.000000E+00
SPHCO      42      16   0.000000E+00   0.000000E+00
SPHCO      42      17   0.000000E+00   0.000000E+00
SPHCO      42      18   0.000000E+00   0.000000E+00
SPHCO      42      19   0.000000E+00   0.000000E+00
SPHCO      42      20   0.000000E+00   0.000000E+00
SPHCO      42      21   0.000000E+00   0.000000E+00
SPHCO      42      22   0.000000E+00   0.000000E+00
SPHCO      42      23   0.000000E+00   0.000000E+00
SPHCO      42      24   0.000000E+00   0.000000E+00
SPHCO      42      25   0.000000E+00   0.000000E+00
SPHCO      42      26   0.000000E+00   0.000000E+00
SPHCO      42      27   0.000000E+00   0.000000E+00
SPHCO      42      28   0.000000E+00   0.000000E+00
SPHCO      42      29   0.000000E+00   0.000000E+00
SPHCO      42      30   0.000000E+00   0.000000E+00
SPHCO      42      31   0.000000E+00   0.000000E+00
SPHCO      42      32   0.000000E+00   0.000000E+00
SPHCO      42      33   0.000000E+00   0.000000E+00
SPHCO      42      34   0.000000E+00   0.000000E+00
SPHCO      42      35   0.000000E+00   0.000000E+00
SPHCO      42      36   0.000000E+00   0.000000E+00
SPHCO      42      37   0.000000E+00   0.000000E+00
SPHCO      42      38   0.000000E+00   0.000000E+00
SPHCO      42      39   0.000000E+00   0.000000E+00
SPHCO      42      40   0.000000E+00   0.000000E+00
SPHCO      42      41   0.000000E+00   0.000000E+00
SPHCO      42      42   0.000000E+00   0.000000E+00
SPHCO      43       0   0.000000E+00   0.000000E+00
SPHCO      43       1   0.000000E+00   0.000000E+00
SPHCO      43       2   0.000000E+00   0.000000E+00
SPHCO      43       3   0.000000E+00   0.000000E+00
SPHCO      43       4   0.000000E+00   0.000000E+00
SPHCO      43       5   0.000000E+00   0.000000E+00
SPHCO      43       6   0.000000E+00   0.000000E+00
SPHCO      43       7   0.000000E+00   0.000000E+00
SPHCO      43       8   0.000000E+00   0.000000E+00
SPHCO      43       9   0.000000E+00   0.000000E+00
SPHCO      43      10   0.000000E+00   0.000000E+00
SPHCO      43      11   0.000000E+00   0.000000E+00
SPHCO      43      12   0.000000E+00   0.000000E+00
SPHCO      43      13   0.000000E+00   0.000000E+00
SPHCO      43      14   0.000000E+00   0.000000E+00
SPHCO      43      15   0.000000E+00   0.000000E+00
SPHCO      43      16   0.000000E+00   0.000000E+00
SPHCO      43      17   0.000000E+00   0.000000E+00
SPHCO      43      18   0.000000E+00   0.000000E+00
SPHCO      43      19   0.000000E+00   0.000000E+00
SPHCO      43      20   0.000000E+00   0.000000E+00
SPHCO      43      21   0.000000E+00   0.000000E+00
SPHCO      43      22   0.000000E+00   0.000000E+00
SPHCO      43      23   0.000000E+00   0.000000E+00
SPHCO      43      24   0.000000E+00   0.000000E+00
SPHCO      43      25   0.000000E+00   0.000000E+00
SPHCO      43      26   0.000000E+00   0.000000E+00
SPHCO      43      27   0.000000E+00   0.000000E+00
SPHCO      43      28   0.000000E+00   0.000000E+00
SPHCO      43      29   0.000000E+00   0.000000E+00
SPHCO      43      30   0.000000E+00   0.000000E+00
SPHCO      43      31   0.000000E+00   0.000000E+00
SPHCO      43      32   0.000000E+00   0.000000E+00
SPHCO      43      33   0.000000E+00   0.000000E+00
SPHCO      43      34   0.000000E+00   0.000000E+00
SPHCO      43      35   0.000000E+00   0.000000E+00
SPHCO      43      36   0.000000E+00   0.000000E+00
SPHCO      43      37   0.000000E+00   0.000000E+00
SPHCO      43      38   0.000000E+00   0.000000E+00
SPHCO      43      39   0.000000E+00   0.000000E+00
SPHCO      43      40   0.000000E+00   0.000000E+00
SPHCO      43      41   0.000000E+00   0.000000E+00
SPHCO      43      42   0.000000E+00   0.000000E+00
SPHCO      43      43   0.000000E+00   0.000000E+00
SPHCO      44       0   0.000000E+00   0.000000E+00
SPHCO      44       1   0.000000E+00   0.000000E+00
SPHCO      44       2   0.000000E+00   0.000000E+00
SPHCO      44       3   0.000000E+00   0.000000E+00
SPHCO      44       4   0.000000E+00   0.000000E+00
SPHCO      44       5   0.000000E+00   0.000000E+00
SPHCO      44       6   0.000000E+00   0.000000E+00
SPHCO      44       7   0.000000E+00   0.000000E+00
SPHCO      44       8   0.000000E+00   0.000000E+00
SPHCO      44       9   0.000000E+00   0.000000E+00
SPHCO      44      10   0.000000E+00   0.000000E+00
SPHCO      44      11   0.000000E+00   0.000000E+00
SPHCO      44      12   0.000000E+00   0.000000E+00
SPHCO      44      13   0.000000E+00   0.000000E+00
SPHCO      44      14   0.000000E+00   0.000000E+00
SPHCO      44      15   0.000000E+00   0.000000E+00
SPHCO      44      16   0.000000E+00   0.000000E+00
SPHCO      44      17   0.000000E+00   0.000000E+00
SPHCO      44      18   0.000000E+00   0.000000E+00
SPHCO      44      19   0.000000E+00   0.000000E+00
SPHCO      44      20   0.000000E+00   0.000000E+00
SPHCO      44      21   0.000000E+00   0.000000E+00
SPHCO      44      22   0.000000E+00   0.000000E+00
SPHCO      44      23   0.000000E+00   0.000000E+00
SPHCO      44      24   0.000000E+00   0.000000E+00
SPHCO      44      25   0.000000E+00   0.000000E+00
SPHCO      44      26   0.000000E+00   0.000000E+00
SPHCO      44      27   0.000000E+00   0.000000E+00
SPHCO      44      28   0.000000E+00   0.000000E+00
SPHCO      44      29   0.000000E+00   0.000000E+00
SPHCO      44      30   0.000000E+00   0.000000E+00
SPHCO      44      31   0.000000E+00   0.000000E+00
SPHCO      44      32   0.000000E+00   0.000000E+00
SPHCO      44      33   0.000000E+00   0.000000E+00
SPHCO      44      34   0.000000E+00   0.000000E+00
SPHCO      44      35   0.000000E+00   0.000000E+00
SPHCO      44      36   0.000000E+00   0.000000E+00
SPHCO      44      37   0.000000E+00   0.000000E+00
SPHCO      44      38   0.000000E+00   0.000000E+00
SPHCO      44      39   0.000000E+00   0.000000E+00
SPHCO      44      40   0.000000E+00   0.000000E+00
SPHCO      44      41   0.000000E+00   0.000000E+00
SPHCO      44      42   0.000000E+00   0.000000E+00
SPHCO      44      43   0.000000E+00   0.000000E+00
SPHCO      44      44   0.000000E+00   0.000000E+00
SPHCO      45       0   0.000000E+00   0.000000E+00
SPHCO      45       1   0.000000E+00   0.000000E+00
SPHCO      45       2   0.000000E+00   0.000000E+00
SPHCO      45       3   0.000000E+00   0.000000E+00
SPHCO      45       4   0.000000E+00   0.000000E+00
SPHCO      45       5   0.000000E+00   0.000000E+00
SPHCO      45       6   0.000000E+00   0.000000E+00
SPHCO      45       7   0.000000E+00   0.000000E+00
SPHCO      45       8   0.000000E+00   0.000000E+00
SPHCO      45       9   0.000000E+00   0.000000E+00
SPHCO      45      10   0.000000E+00   0.000000E+00
SPHCO      45      11   0.000000E+00   0.000000E+00
SPHCO      45      12   0.000000E+00   0.000000E+00
SPHCO      45      13   0.000000E+00   0.000000E+00
SPHCO      45      14   0.000000E+00   0.000000E+00
SPHCO      45      15   0.000000E+00   0.000000E+00
SPHCO      45      16   0.000000E+00   0.000000E+00
SPHCO      45      17   0.000000E+00   0.000000E+00
SPHCO      45      18   0.000000E+00   0.000000E+00
SPHCO      45      19   0.000000E+00   0.000000E+00
SPHCO      45      20   0.000000E+00   0.000000E+00
SPHCO      45      21   0.000000E+00   0.000000E+00
SPHCO      45      22   0.000000E+00   0.000000E+00
SPHCO      45      23   0.000000E+00   0.000000E+00
SPHCO      45      24   0.000000E+00   0.000000E+00
SPHCO      45      25   0.000000E+00   0.000000E+00
SPHCO      45      26   0.000000E+00   0.000000E+00
SPHCO      45      27   0.000000E+00   0.000000E+00
SPHCO      45      28   0.000000E+00   0.000000E+00
SPHCO      45      29   0.000000E+00   0.000000E+00
SPHCO      45      30   0.000000E+00   0.000000E+00
SPHCO      45      31   0.000000E+00   0.000000E+00
SPHCO      45      32   0.000000E+00   0.000000E+00
SPHCO      45      33   0.000000E+00   0.000000E+00
SPHCO      45      34   0.000000E+00   0.000000E+00
SPHCO      45      35   0.000000E+00   0.000000E+00
SPHCO      45      36   0.000000E+00   0.000000E+00
SPHCO      45      37   0.000000E+00   0.000000E+00
SPHCO      45      38   0.000000E+00   0.000000E+00
SPHCO      45      39   0.000000E+00   0.000000E+00
SPHCO      45      40   0.000000E+00   0.000000E+00
SPHCO      45      41   0.000000E+00   0.000000E+00
SPHCO      45      42   0.000000E+00   0.000000E+00
SPHCO      45      43   0.000000E+00   0.000000E+00
SPHCO      45      44   0.000000E+00   0.000000E+00
SPHCO      45      45   0.000000E+00   0.000000E+00
SPHCO      46       0   0.000000E+00   0.000000E+00
SPHCO      46       1   0.000000E+00   0.000000E+00
SPHCO      46       2   0.000000E+00   0.000000E+00
SPHCO      46       3   0.000000E+00   0.000000E+00
SPHCO      46       4   0.000000E+00   0.000000E+00
SPHCO      46       5   0.000000E+00   0.000000E+00
SPHCO      46       6   0.000000E+00   0.000000E+00
SPHCO      46       7   0.000000E+00   0.000000E+00
SPHCO      46       8   0.000000E+00   0.000000E+00
SPHCO      46       9   0.000000E+00   0.000000E+00
SPHCO      46      10   0.000000E+00   0.000000E+00
SPHCO      46      11   0.000000E+00   0.000000E+00
SPHCO      46      12   0.000000E+00   0.000000E+00
SPHCO      46      13   0.000000E+00   0.000000E+00
SPHCO      46      14   0.000000E+00   0.000000E+00
SPHCO      46      15   0.000000E+00   0.000000E+00
SPHCO      46      16   0.000000E+00   0.000000E+00
SPHCO      46      17   0.000000E+00   0.000000E+00
SPHCO      46      18   0.000000E+00   0.000000E+00
SPHCO      46      19   0.000000E+00   0.000000E+00
SPHCO      46      20   0.000000E+00   0.000000E+00
SPHCO      46      21   0.000000E+00   0.000000E+00
SPHCO      46      22   0.000000E+00   0.000000E+00
SPHCO      46      23   0.000000E+00   0.000000E+00
SPHCO      46      24   0.000000E+00   0.000000E+00
SPHCO      46      25   0.000000E+00   0.000000E+00
SPHCO      46      26   0.000000E+00   0.000000E+00
SPHCO      46      27   0.000000E+00   0.000000E+00
SPHCO      46      28   0.000000E+00   0.000000E+00
SPHCO      46      29   0.000000E+00   0.000000E+00
SPHCO      46      30   0.000000E+00   0.000000E+00
SPHCO      46      31   0.000000E+00   0.000000E+00
SPHCO      46      32   0.000000E+00   0.000000E+00
SPHCO      46      33   0.000000E+00   0.000000E+00
SPHCO      46      34   0.000000E+00   0.000000E+00
SPHCO      46      35   0.000000E+00   0.000000E+00
SPHCO      46      36   0.000000E+00   0.000000E+00
SPHCO      46      37   0.000000E+00   0.000000E+00
SPHCO      46      38   0.000000E+00   0.000000E+00
SPHCO      46      39   0.000000E+00   0.000000E+00
SPHCO      46      40   0.000000E+00   0.000000E+00
SPHCO      46      41   0.000000E+00   0.000000E+00
SPHCO      46      42   0.000000E+00   0.000000E+00
SPHCO      46      43   0.000000E+00   0.000000E+00
SPHCO      46      44   0.000000E+00   0.000000E+00
SPHCO      46      45   0.000000E+00   0.000000E+00
SPHCO      46      46   0.000000E+00   0.000000E+00
SPHCO      47       0   0.000000E+00   0.000000E+00
SPHCO      47       1   0.000000E+00   0.000000E+00
SPHCO      47       2   0.000000E+00   0.000000E+00
SPHCO      47       3   0.000000E+00   0.000000E+00
SPHCO      47       4   0.000000E+00   0.000000E+00
SPHCO      47       5   0.000000E+00   0.000000E+00
SPHCO      47       6   0.000000E+00   0.000000E+00
SPHCO      47       7   0.000000E+00   0.000000E+00
SPHCO      47       8   0.000000E+00   0.000000E+00
SPHCO      47       9   0.000000E+00   0.000000E+00
SPHCO      47      10   0.000000E+00   0.000000E+00
SPHCO      47      11   0.000000E+00   0.000000E+00
SPHCO      47      12   0.000000E+00   0.000000E+00
SPHCO      47      13   0.000000E+00   0.000000E+00
SPHCO      47      14   0.000000E+00   0.000000E+00
SPHCO      47      15   0.000000E+00   0.000000E+00
SPHCO      47      16   0.000000E+00   0.000000E+00
SPHCO      47      17   0.000000E+00   0.000000E+00
SPHCO      47      18   0.000000E+00   0.000000E+00
SPHCO      47      19   0.000000E+00   0.000000E+00
SPHCO      47      20   0.000000E+00   0.000000E+00
SPHCO      47      21   0.000000E+00   0.000000E+00
SPHCO      47      22   0.000000E+00   0.000000E+00
SPHCO      47      23   0.000000E+00   0.000000E+00
SPHCO      47      24   0.000000E+00   0.000000E+00
SPHCO      47      25   0.000000E+00   0.000000E+00
SPHCO      47      26   0.000000E+00   0.000000E+00
SPHCO      47      27   0.000000E+00   0.000000E+00
SPHCO      47      28   0.000000E+00   0.000000E+00
SPHCO      47      29   0.000000E+00   0.000000E+00
SPHCO      47      30   0.000000E+00   0.000000E+00
SPHCO      47      31   0.000000E+00   0.000000E+00
SPHCO      47      32   0.000000E+00   0.000000E+00
SPHCO      47      33   0.000000E+00   0.000000E+00
SPHCO      47      34   0.000000E+00   0.000000E+00
SPHCO      47      35   0.000000E+00   0.000000E+00
SPHCO      47      36   0.000000E+00   0.000000E+00
SPHCO      47      37   0.000000E+00   0.000000E+00
SPHCO      47      38   0.000000E+00   0.000000E+00
SPHCO      47      39   0.000000E+00   0.000000E+00
SPHCO      47      40   0.000000E+00   0.000000E+00
SPHCO      47      41   0.000000E+00   0.000000E+00
SPHCO      47      42   0.000000E+00   0.000000E+00
SPHCO      47      43   0.000000E+00   0.000000E+00
SPHCO      47      44   0.000000E+00   0.000000E+00
SPHCO      47      45   0.000000E+00   0.000000E+00
SPHCO      47      46   0.000000E+00   0.000000E+00
SPHCO      47      47   0.000000E+00   0.000000E+00
SPHCO      48       0   0.000000E+00   0.000000E+00
SPHCO      48       1   0.000000E+00   0.000000E+00
SPHCO      48       2   0.000000E+00   0.000000E+00
SPHCO      48       3   0.000000E+00   0.000000E+00
SPHCO      48       4   0.000000E+00   0.000000E+00
SPHCO      48       5   0.000000E+00   0.000000E+00
SPHCO      48       6   0.000000E+00   0.000000E+00
SPHCO      48       7   0.000000E+00   0.000000E+00
SPHCO      48       8   0.000000E+00   0.000000E+00
SPHCO      48       9   0.000000E+00   0.000000E+00
SPHCO      48      10   0.000000E+00   0.000000E+00
SPHCO      48      11   0.000000E+00   0.000000E+00
SPHCO      48      12   0.000000E+00   0.000000E+00
SPHCO      48      13   0.000000E+00   0.000000E+00
SPHCO      48      14   0.000000E+00   0.000000E+00
SPHCO      48      15   0.000000E+00   0.000000E+00
SPHCO      48      16   0.000000E+00   0.000000E+00
SPHCO      48      17   0.000000E+00   0.000000E+00
SPHCO      48      18   0.000000E+00   0.000000E+00
SPHCO      48      19   0.000000E+00   0.000000E+00
SPHCO      48      20   0.000000E+00   0.000000E+00
SPHCO      48      21   0.000000E+00   0.000000E+00
SPHCO      48      22   0.000000E+00   0.000000E+00
SPHCO      48      23   0.000000E+00   0.000000E+00
SPHCO      48      24   0.000000E+00   0.000000E+00
SPHCO      48      25   0.000000E+00   0.000000E+00
SPHCO      48      26   0.000000E+00   0.000000E+00
SPHCO      48      27   0.000000E+00   0.000000E+00
SPHCO      48      28   0.000000E+00   0.000000E+00
SPHCO      48      29   0.000000E+00   0.000000E+00
SPHCO      48      30   0.000000E+00   0.000000E+00
SPHCO      48      31   0.000000E+00   0.000000E+00
SPHCO      48      32   0.000000E+00   0.000000E+00
SPHCO      48      33   0.000000E+00   0.000000E+00
SPHCO      48      34   0.000000E+00   0.000000E+00
SPHCO      48      35   0.000000E+00   0.000000E+00
SPHCO      48      36   0.000000E+00   0.000000E+00
SPHCO      48      37   0.000000E+00   0.000000E+00
SPHCO      48      38   0.000000E+00   0.000000E+00
SPHCO      48      39   0.000000E+00   0.000000E+00
SPHCO      48      40   0.000000E+00   0.000000E+00
SPHCO      48      41   0.000000E+00   0.000000E+00
SPHCO      48      42   0.000000E+00   0.000000E+00
SPHCO      48      43   0.000000E+00   0.000000E+00
SPHCO      48      44   0.000000E+00   0.000000E+00
SPHCO      48      45   0.000000E+00   0.000000E+00
SPHCO      48      46   0.000000E+00   0.000000E+00
SPHCO      48      47   0.000000E+00   0.000000E+00
SPHCO      48      48   0.000000E+00   0.000000E+00
SPHCO      49       0   0.000000E+00   0.000000E+00
SPHCO      49       1   0.000000E+00   0.000000E+00
SPHCO      49       2   0.000000E+00   0.000000E+00
SPHCO      49       3   0.000000E+00   0.000000E+00
SPHCO      49       4   0.000000E+00   0.000000E+00
SPHCO      49       5   0.000000E+00   0.000000E+00
SPHCO      49       6   0.000000E+00   0.000000E+00
SPHCO      49       7   0.000000E+00   0.000000E+00
SPHCO      49       8   0.000000E+00   0.000000E+00
SPHCO      49       9   0.000000E+00   0.000000E+00
SPHCO      49      10   0.000000E+00   0.000000E+00
SPHCO      49      11   0.000000E+00   0.000000E+00
SPHCO      49      12   0.000000E+00   0.000000E+00
SPHCO      49      13   0.000000E+00   0.000000E+00
SPHCO      49      14   0.000000E+00   0.000000E+00
SPHCO      49      15   0.000000E+00   0.000000E+00
SPHCO      49      16   0.000000E+00   0.000000E+00
SPHCO      49      17   0.000000E+00   0.000000E+00
SPHCO      49      18   0.000000E+00   0.000000E+00
SPHCO      49      19   0.000000E+00   0.000000E+00
SPHCO      49      20   0.000000E+00   0.000000E+00
SPHCO      49      21   0.000000E+00   0.000000E+00
SPHCO      49      22   0.000000E+00   0.000000E+00
SPHCO      49      23   0.000000E+00   0.000000E+00
SPHCO      49      24   0.000000E+00   0.000000E+00
SPHCO      49      25   0.000000E+00   0.000000E+00
SPHCO      49      26   0.000000E+00   0.000000E+00
SPHCO      49      27   0.000000E+00   0.000000E+00
SPHCO      49      28   0.000000E+00   0.000000E+00
SPHCO      49      29   0.000000E+00   0.000000E+00
SPHCO      49      30   0.000000E+00   0.000000E+00
SPHCO      49      31   0.000000E+00   0.000000E+00
SPHCO      49      32   0.000000E+00   0.000000E+00
SPHCO      49      33   0.000000E+00   0.000000E+00
SPHCO      49      34   0.000000E+00   0.000000E+00
SPHCO      49      35   0.000000E+00   0.000000E+00
SPHCO      49      36   0.000000E+00   0.000000E+00
SPHCO      49      37   0.000000E+00   0.000000E+00
SPHCO      49      38   0.000000E+00   0.000000E+00
SPHCO      49      39   0.000000E+00   0.000000E+00
SPHCO      49      40   0.000000E+00   0.000000E+00
SPHCO      49      41   0.000000E+00   0.000000E+00
SPHCO      49      42   0.000000E+00   0.000000E+00
SPHCO      49      43   0.000000E+00   0.000000E+00
SPHCO      49      44   0.000000E+00   0.000000E+00
SPHCO      49      45   0.000000E+00   0.000000E+00
SPHCO      49      46   0.000000E+00   0.000000E+00
SPHCO      49      47   0.000000E+00   0.000000E+00
SPHCO      49      48   0.000000E+00   0.000000E+00
SPHCO      49      49   0.000000E+00   0.000000E+00
SPHCO      50       0   0.000000E+00   0.000000E+00
SPHCO      50       1   0.000000E+00   0.000000E+00
SPHCO      50       2   0.000000E+00   0.000000E+00
SPHCO      50       3   0.000000E+00   0.000000E+00
SPHCO      50       4   0.000000E+00   0.000000E+00
SPHCO      50       5   0.000000E+00   0.000000E+00
SPHCO      50       6   0.000000E+00   0.000000E+00
SPHCO      50       7   0.000000E+00   0.000000E+00
SPHCO      50       8   0.000000E+00   0.000000E+00
SPHCO      50       9   0.000000E+00   0.000000E+00
SPHCO      50      10   0.000000E+00   0.000000E+00
SPHCO      50      11   0.000000E+00   0.000000E+00
SPHCO      50      12   0.000000E+00   0.000000E+00
SPHCO      50      13   0.000000E+00   0.000000E+00
SPHCO      50      14   0.000000E+00   0.000000E+00
SPHCO      50      15   0.000000E+00   0.000000E+00
SPHCO      50      16   0.000000E+00   0.000000E+00
SPHCO      50      17   0.000000E+00   0.000000E+00
SPHCO      50      18   0.000000E+00   0.000000E+00
SPHCO      50      19   0.000000E+00   0.000000E+00
SPHCO      50      20   0.000000E+00   0.000000E+00
SPHCO      50      21   0.000000E+00   0.000000E+00
SPHCO      50      22   0.000000E+00   0.000000E+00
SPHCO      50      23   0.000000E+00   0.000000E+00
SPHCO      50      24   0.000000E+00   0.000000E+00
SPHCO      50      25   0.000000E+00   0.000000E+00
SPHCO      50      26   0.000000E+00   0.000000E+00
SPHCO      50      27   0.000000E+00   0.000000E+00
SPHCO      50      28   0.000000E+00   0.000000E+00
SPHCO      50      29   0.000000E+00   0.000000E+00
SPHCO      50      30   0.000000E+00   0.000000E+00
SPHCO      50      31   0.000000E+00   0.000000E+00
SPHCO      50      32   0.000000E+00   0.000000E+00
SPHCO      50      33   0.000000E+00   0.000000E+00
SPHCO      50      34   0.000000E+00   0.000000E+00
SPHCO      50      35   0.000000E+00   0.000000E+00
SPHCO      50      36   0.000000E+00   0.000000E+00
SPHCO      50      37   0.000000E+00   0.000000E+00
SPHCO      50      38   0.000000E+00   0.000000E+00
SPHCO      50      39   0.000000E+00   0.000000E+00
SPHCO      50      40   0.000000E+00   0.000000E+00
SPHCO      50      41   0.000000E+00   0.000000E+00
SPHCO      50      42   0.000000E+00   0.000000E+00
SPHCO      50      43   0.000000E+00   0.000000E+00
SPHCO      50      44   0.000000E+00   0.000000E+00
SPHCO      50      45   0.000000E+00   0.000000E+00
SPHCO      50      46   0.000000E+00   0.000000E+00
SPHCO      50      47   0.000000E+00   0.000000E+00
SPHCO      50      48   0.000000E+00   0.000000E+00
SPHCO      50      49   0.000000E+00   0.000000E+00
SPHCO      50      50   0.000000E+00   0.000000E+00
... END OF FILE!
